274673601
274163070
274122021
273307882
272558540
272532969
271364776
191779416
190229648
177659936
177659932
177659930
177659924
160654390
160654355
160604169
139529744
109945647
98380897
55288649
55285980
51031181
48755614
36315990
32196827
25204190
25203897
7707785
2207711
2182071
2175519
719829
587605
435023
426390
420780
416456
416439
416419
331578
277460281
274675756
274675377
274364550
274142594
273307986
271444668
271363615
209400553
198562125
193608715
184831419
177659931
177659928
174182956
167654926
167596548
116749344
109945626
70738937
58710657
58710562
55288676
48755144
25203178
10801193
10792301
10792018
10788082
3819065
2371031
2184595
2184455
2182073
2097099
974657
956566
587618
420890
418297
277461237
277461233
277461214
277461213
277461131
274852519
274676651
274168823
274163026
274120391
272558492
272532953
271444693
271427040
271356438
210138564
198495255
192988469
192074168
160604127
132191814
115967207
111198216
111153719
110468707
109945624
98082558
46612817
31516168
10833817
10831122
10792109
10790788
6716263
2371027
2361127
2184867
1382611