277571415
276846030
276619240
276619229
276272469
276233910
276233829
275627583
275407262
275292674
274753007
274752989
273530510
273191134
248585366
197900464
197900003
197891976
197891935
197891297
190320621
171942966
171063462
165961760
132206437
124860556
122353510
121228681
121228656
121228616
116298029
105614549
99841746
88231620
88231463
8095956
2435649
1013190
865039
559698
277457594
276501446
275587087
275551576
275384688
275264067
275224044
273514762
273187149
272912606
272912563
272912292
272618045
271436662
269843778
258752395
248325910
208915285
197891752
191775364
163147424
154157924
141132438
140242266
121228658
121006174
109262749
109250057
105614544
102133546
102133414
99540909
97491467
96584926
91457857
73402368
43894895
36732375
27179712
9850419
276929649
276905544
276841619
276619289
276262913
275934640
275601370
275056152
274955892
274843429
274765921
274765534
274752972
273530514
273451746
273410276
269843754
263771007
260452006
260451940
258752274
253303342
248325936
203210581
202558610
202557753
198435728
192951849
184521968
177703707
169380821
165960970
154184708
116881911
106750517
103803778
96578802
82939095
47321885
34771524
97462803
96575141
96556576
36318855
31516609
25005824
10018213
1659831
276975410
276683322
276275833
276132475
275813593
275616637
275601366
275601364
275263517
274955978
274955962
274955956
274955952
274843485
274769983
273530200
273410278
273187349
273186175
272618043
270464518
270464516
269843752
260921795
258752329
231162043
217866714
190320631
190320623
171589806
171063515
171063281
171063177
147644105
117662098
105614717
97516994
96552662
32431397
4509463
276929651
276905525
276263498
276078777
275813599
275384675
275263487
275056302
275054782
274956030
274955974
274955931
274955912
274955886
274922310
274843467
274843421
274766662
274764773
272618046
271419691
269843764
263678668
263266482
262674498
262038018
258752304
258752213
214662247
202838791
192952028
171063442
169381688
154700976
99841715
97512935
97486193
96550216
8096173
7344465
275616611
275601368
275601360
275551558
275432459
275263495
274955902
274955900
274955898
274843487
274843483
274753005
273187396
273186276
270487405
269843759
252126682
190320625
169380903
122345160
110875693
108957440
102759912
102133364
97511555
96574955
96556612
29398474