277348552
276602416
276602412
276602407
274953663
274953645
274953603
274458343
273787215
273046121
273046093
273046010
270837140
252912108
252912101
213915353
204942497
204615783
162406006
139730463
48399097
48362486
38417461
38417459
38417457
13602398
10566743
8470230
8470222
8470216
8470214
8470212
8470210
8470208
7959221
7959218
7125301
4257177
2449681
2438597
276981462
276444220
275219545
275219518
274872054
274686541
273916391
273123076
272363651
271039836
270969399
270837036
270052419
252912106
191422635
190826839
171580974
117903575
107970958
107970950
87457187
54433548
52890834
48615465
37875478
25125674
19699945
17373721
17373719
10581349
8470252
8470206
8470204
7959220
5457865
4257173
2891859
2422643
2393061
752476
277348548
277138981
276233885
276178278
275218554
274953684
274557702
274557698
271100330
270837082
270837047
263564077
262731036
242443852
230323723
213870761
193558328
175465738
171581017
167019681
117176381
111498884
87447651
48615642
48362492
21032176
16592262
13602749
11253909
8818469
8470228
8470224
8470188
7978955
2438577
2339321
1332589
1332587
752478
646294
276231499
276231447
275752850
275749906
275219516
274557604
274362494
271555299
270501929
270421242
270421201
269355289
269137913
263100020
262654069
262451736
257861430
253619370
252133630
250743001
249026536
248162451
209275860
197652234
197464893
195801311
192950827
192950629
192950625
182563497
167296994
167019870
95513239
87447657
48759022
37875387
37873532
764018
276833471
276833462
276833408
276828658
276798769
276662720
276602410
275898918
275793691
275217847
275060295
273892037
273868103
271960511
271555324
271555289
271555246
271163167
271163007
270837130
270837059
270772641
253619366
252575170
247905112
242443872
215560786
214093800
211914509
204879053
197516221
192909262
165152825
87447141
56742720
49930700
37873534
8470186
3034995
2438591
277445055
277426554
277388250
277384773
277358509
276828928
276828831
276662729
276178317
276178307
276178270
275793530
274890204
274857273
274086722
271975308
271975186
271974514
271974327
271846316
271299255
271163137
270837046
270744603
270701602
270700177
257767607
253629595
209869075
205696725
196559528
194583233
194183519
169818139
166649139
160051597
83607989
77093669
50047659
799272
277607494
277497180
55709225
49270564
12107517
277384963
277383863
276828915
276828606
276828011
276798728
276662727
276662723
276641713
275752746
275264612
275218494
275218253
274862901
271975038
271162926
270784041
270501921
270421203
257770326
253619376
253298771
252580702
252240916
251907563
249208057
248460778
242443764
195801309
195801297
192275153
185816185
167238167
131167659
130778305
121221988
87108693
83787187
77220828
54870156
277426508
277384715
277384687
277358410
277358390
276828999
276828586
276807382
276662717
276657269
276611577
276522579
276062580
274901196
274406607
274086718
273123110
271654771
271555227
271163047
271158234
270541647
253388252
253281978
251923848
250742169
249854818
247904989
247444187
242443924
209869113
205704832
196926106
192909255
138927669
123926235
111376294
72542479
50047655
25124774
277498686
277139006
276833421
276828953
276798788
276662735
276641705
276396916
276178329
275793437
275125979
275042743
273051486
271974961
271555285
271450246
271163103
270701544
253619372
252576608
251929043
249763650
248162055
216213486
213464306
211923655
209613607
203222183
203087360
203085169
197516119
196926198
172093977
167017956
167017922
147751658
137465355