274919510
274354315
274354292
274354286
274354273
274354270
274354262
274354252
271617617
271311802
271311800
262822166
262068353
194134465
109856136
74237584
63675586
56110607
56100140
10685544
9416785
7257411
3768875
3768783
3768781
3576541
2208381
2181963
2181949
1651791
1616563
1616545
1616533
1586253
1586239
587055
587041
517528
489849
462953
275852509
275626743
274354255
274141903
274117419
274114573
273306313
271301682
263956920
262874265
128712793
74534973
74254964
72081900
72081681
71669218
71567837
70774404
65111185
63852754
63820580
57758769
57758704
57708822
57706445
57703128
56209049
56106515
47101429
11896951
10231885
7851637
7569919
6349737
2533403
2259009
1616543
490030
489795
317142
277172439
275697537
274117479
274114420
274100512
271296014
235883145
135561367
74244130
72088890
72082746
71308117
70857832
70784637
70784144
58035909
58032417
58029881
57785540
57758410
57704488
57702345
57701722
57696776
21056709
10232481
10230867
7851523
7443097
7182869
3745655
2613711
2499511
2259003
2258987
2258983
2208669
1586263
1586241
518051
277163767
274144001
274143810
274120229
274100735
273308621
271444162
271444132
197529545
128724694
128713550
71944671
71043347
57791429
57708218
57707415
57703458
57702747
57702016
57701808
57698442
56198325
46819024
10233996
10229455
10053799
7569927
2530061
2499795
1616535
1586271
1384831
646806
448987