274673500
272563864
271444172
263179507
263102397
263101464
222627639
208056382
208056323
206145502
206145490
206145484
205574068
197652335
197620661
197620597
197530347
149963660
149963646
149847172
149847156
149847142
130744176
94260434
82389046
74678340
58710207
55101443
35856221
4684907
4684899
4684897
3849497
3849459
3849453
2208701
1664891
1664883
521879
518480
277596830
274673507
271444176
271441836
263103128
263102373
263102356
251983816
251983729
215293629
208056433
208056376
206145517
206145513
206145507
206145505
206145498
204317189
197388113
197388106
168182564
167689139
149847158
149847116
149847110
71047811
71047609
50322739
32112173
4684881
3856945
3848243
3848211
3642331
2503001
2181981
2181927
2181897
2181855
1664917
277593596
274676873
274675103
274674172
263179532
263103239
263103181
263103116
263103106
263102350
263102337
263102303
263101576
212961693
208056419
206145511
206145500
206145494
192951515
173977902
167596420
149963656
149847148
149847132
122273692
82388260
74036133
74036022
48755862
32112167
10799049
4684891
3849437
3642213
3642209
2182021
2162307
2162187
1382705
462842
2182035
2181869
2181839
2163119
1382703