274507462
274507460
274507455
274507454
274507450
274362104
274362057
274362005
274361995
274361938
274361916
274361889
215544970
197658402
197658229
180580821
173991996
132074660
98686515
98686479
98686366
98681547
98678443
98678067
98675652
98541417
98355646
98323548
98294213
98032686
97945528
97921009
97916811
97904150
83398614
83398435
83398237
83398188
83397956
83397786
274507468
274507466
274507464
274507458
274375966
274362077
274362062
274362031
274362018
274362010
274361959
274361955
274361921
274361884
274361864
274361859
217509811
215588486
215177092
215174596
132074868
132074669
112539440
98685835
98678261
98567190
98293621
97923912
97920326
97910810
97904610
83398671
83398650
83398476
83398402
83398329
83398176
83398166
83397812
83397736
274507452
274362099
274362016
274361985
274361965
274361874
274361849
217509826
215590681
215588488
215587002
215545075
215176167
215176153
215174598
215174383
215163363
197406193
144207353
132075008
112535085
98679119
98678680
98678586
98555786
98355214
97941253
97932493
97927728
92619844
92602358
83398243
83398236
83398170
83398078
83398059
83398040
83398018
83397801
83397733
274507470
274362114
274362072
274362037
274362000
274361977
274361975
274361943
274361911
274361869
215591961
215591155
215590913
215588947
215587352
215587350
215545279
215545050
215167349
209605942
122437021
112327926
98686643
98686372
98678591
98566071
98559687
98357524
98330449
97941344
97916949
97908086
97905238
97904516
92653878
92651625
83398073
83398054
83398042
83397873
274362119
274361953
274361904
253350401
217509660
215591946
215591163
215591157
215591109
215590452
215588953
215588950
215587004
215545303
215176605
215165446
215141315
197212580
180580628
180536229
144203303
132074995
112517635
98572456
98564884
98333272
98298380
98032835
98029657
97945484
97925729
97923995
97905883
92648780
83398646
83398508
83398200
83398087
83398068
83398067
274362052
274361948
274361931
274361894
274361879
217509656
217509650
215591948
83398482
83398300
83398171
83398144
83398135
83398109
83398080
83397980
83397903
83397796
83397768
77052166
274362105
274362065
274362047
274362015
274361896
215591008
215590872
215590515
215590237
215588079
215176172
215174821
215174594
215174560
98685852
98355390
97905069
83398447
83398185