276364519
276328160
276232992
275789265
275775107
275726190
275695845
275620976
275426137
275417896
275074671
274883809
274369322
274361092
272363500
270682527
263443396
262830921
262818412
255414226
253099560
252884778
252882764
252584103
208321479
207170296
192158565
190355236
184696804
183678780
132225495
128574803
72301383
70601406
68165728
33538807
25045607
24815167
24637999
21243437
276902601
276825964
276612397
276369169
275762239
275351524
275343505
273850871
273729845
273366164
273102641
273102064
270700476
270626184
260931816
253412249
252588381
217735989
209399163
209398885
209396178
197781039
183679111
166010559
120169744
120169612
120169588
120036085
112102841
73548708
72116735
70203304
58188019
52771299
33608440
25325304
21732685
16061079
9950070
6274843
277352893
276610521
276371080
276369173
276369170
276234513
276087665
276087640
275463941
275426040
275298528
275271153
275271106
275074669
275074657
274824327
274584973
273916710
273420614
273081094
270626190
270626186
242064380
214774756
207178715
205990925
203898243
174502760
58544914
57711109
26225014
24837612
20365764
17901888
16064962
13561547
12363798
9023213
6013847
5950997
276902634
276899639
276412052
276384198
276369175
276369153
276364524
276083447
276003852
275901256
275839946
275775091
275430915
274937559
274125973
273932206
263679205
209867920
207167919
199113493
196885085
196877291
166014825
165997311
120036184
98604483
69687741
69660389
69544709
52618509
33395144
15677437
15133018
11228037
10822372
9837494
5951173
5856827
5853469
4819083
277429763
5903427
275840051
275512172
275505117
275074665
275074653
275013145
273932198
271964307
270626182
270236594
263979020
209399148
209398841
201719141
199898359
169688560
120657393
120657098
120036435
69660276
69572791
58544713
55973395
55707318
25653984
13738251
13585450
13579690
13565205
11228059
11227757
10820849
9949214
9944248
9850110
9848713
6013073
5950933
5946563
5866145
277360967
277019795
276630888
276566437
275615487
275503655
274843491
270626178
270234943
200616997
199118068
199113833
126511814
120657495
120657293
120169729
120068187
120036241
120036088
120036072
120035919
120035697
120035552
120035506
77954501
69545001
55695568
52772065
52295425
26022192
21979370
13564462
13560733
13558262
13556989
10820565
9949737
9872278
9836309
5950797
277361195
277361099
277018903
276929677
276899853
276860307
276742078
275614387
275613488
275503711
275426223
275412709
275023393
274937558
274170705
274108444
273916703
273480178
250742681
209398670
200616871
200616866
199570350
155760672
124275103
120657480
120035994
68153918
52644791
52637553
52113146
48901580
45351387
25361821
16060135
13720740
13583111
13572531
13563684
277004236
276902686
276896545
275512930
275510135
275324343
273748416
271965353
271964614
209399151
209398999
203146042
199112805
196883260
179861418
155760687
120657804
120657645
120657642
120657496
120657327
107896502
69675090
69573036
55971181
55718423
51970460
51969200
21980621
13745063
13723183
13582307
13561072
9950127
7773466
6013139
6013135
5864015
1706705
277361316
277361132
276929678
276846366
276825366
276797921
276566439
276234509
275513832
275493074
275074676
275074647
275048021
273916693
270795222
209396764
120657808
120657772
120657638
120657305
120657188
120068093
120036134
120036133
120035943
120035729
120035674
120035592
55717393
44666196
13745956
13724018
13561464
13560096
11248266
7802475
6274403
5946747
5946721
5914803
277514017
277360928
276843379
276825409
276687672
276630882
275723243
275615486
275501319
275074663
275074655
275074649
274956044
274937562
270990661
210248400
179859542
166243334
120657312
120657254
120656976
120036341
69465102
68166693
68154078
55702263
52666905
33365030
13738589
13567562
11228306
5946155
5866865
1706707