274678082
274677577
274676630
274676077
274354322
225195239
225195211
208056425
129947562
129947539
122521953
121225397
121078350
116902073
116403749
110126350
102758247
102132934
77702354
55286695
44860372
44605405
10762708
3782621
2293325
2209065
2207673
2207445
2206621
2163445
2163001
2162445
587821
574302
489917
489909
489899
489886
489842
489835
277370464
275610494
274675251
274674987
274673789
274142366
263209676
260107909
258666889
252714374
222627756
206248734
198889654
197897380
194183584
191780474
191779533
191779332
129947532
120453921
116902802
116409324
102133206
102132943
73492324
73492020
59535776
58711010
55285019
32428896
29354999
3765707
2293343
2293317
2206613
2181989
2175013
489905
489892
489851
277593539
277565059
277555110
277461065
277410855
275885554
275602185
274677415
274676927
274673866
274540558
274143192
274124286
263179556
263100207
198285565
197620749
193101642
192173786
191780021
191779912
191779109
174182860
171653807
129947585
129947551
129947535
121975113
116413969
111030154
55288522
48755224
32428894
31933842
2208879
2181945
2181937
2181909
2175571
2162999
274674623
274674404
274673509
274540505
271527617
263179602
263100996
262704527
252714327
249825876
249825841
248703444
202962074
202962062
198562378
197620691
197530477
197530307
193737149
191780469
191780309
167658512
167657273
129947577
110998167
79450472
73492245
73492198
34757554
2377327
2163311
489855
489837
277591483
277460997
277370410
275941315
271293977
263208171
263179544
263104498
261840791
206248800
206248682
198285460
198285213
197897366
197652418
197388115
191780577
191779404
173854319
167613028
121604849
118522807
116668820
116190705
107004688
102133159
89481608
89481592
77702352
73491888
55288660
48755471
3818683
3765733
2208335
2181991
2181923
2163631
1616557
324929
277591577
277591556
277403982
274677292
274675654
274674916
274674756
274674730
274674684
274674535
274540526
274098354
271364385
263179608
263104216
262305564
260644128
260107745
248703424
202962072
202962046
202961952
191780634
191780558
191780441
191780270
191780145
191779918
191779487
171653791
171653457
130780784
129947581
129947550
101871334
101870609
87045246
58711298
51031239
2181933
274675666
274674446
270502249
261840815
248789318
206248788
197530339