269843961
263348614
262674621
262037962
259892096
259537049
248006048
217266266
217180965
217173430
217172960
217172912
217154522
200762507
197063024
193094802
193094791
192951582
192521696
176230801
172565283
169380901
161878354
144380338
113432529
102603049
102133460
97922334
95090804
89515510
82390532
56829430
56822379
34709233
34709203
34709112
34709040
34708986
16448936
293715
276263844
263044416
262674747
262674522
243103901
217173160
192951694
192714647
192714614
187837477
182320871
173450102
173449754
172565310
171089344
149714934
147588564
147019063
125772983
97922181
97921938
97921883
97921238
96575078
96552374
96552211
86631901
82390033
56827754
53837001
36318292
34709265
34709185
34357696
1411499
983135
983133
983131
174567
96318
276550612
276270586
276023800
276023761
275992810
275992784
273577748
263453890
263206756
252857412
247438557
217173088
217172682
205814381
200762211
177703764
173450098
169381059
160269825
119026663
110394812
102133456
100285728
97922838
97921621
97921276
97921270
97517905
96589489
96578949
96574970
96574450
51348860
29358735
15972683
6980807
1535671
755519
174739
96238
276305265
274952638
262675060
262674865
260920858
248006107
215748608
205814743
205814487
197620809
192951805
173674410
173450094
172938364
171063183
169380888
166389169
152459452
121171524
120472116
119315431
117196622
107005496
102133576
100285730
97921151
91771672
73492978
69323436
58992519
53770640
50216635
31518641
25206114
25004265
24898051
15972405
7344423
410593
169458
276678207
276275250
276105168
271527743
270053848
263103770
262674992
262674853
262674800
262674670
252664556
248006105
200763263
193094797
192951957
192951783
192951747
174183052
171589788
169381653
169380766
160269667
154183733
147977345
123442207
102133564
102133529
102133446
97921176
97453840
96585707
96584604
96556984
96545449
73585279
25005315
24897232
15150305
410549
293697
276248996
276030733
274989299
274752994
262674545
260438886
217172935
205814628
197632661
195284098
193094795
169380884
161878623
160270089
155113076
154184055
147019474
110813325
103868566
97922430
97922161