197964735
197964715
197964695
197964693
197964685
197964669
197964665
197964650
197964647
197964633
197964631
197964622
197964172
191695272
191695266
191695261
191695245
191695228
191695226
191695220
183052320
183052288
183052286
183052230
183052211
183052195
183052187
183052168
183052137
183052124
183052122
170267234
109860529
13119480
2208821
2208337
2207637
2202965
2183547
2163385
197964729
197964686
197964675
197964661
197964649
197964639
197964627
197964618
191695294
191695260
191695256
191695252
191695248
191695244
191695238
191695234
191695224
191695204
183052305
183052303
183052296
183052290
183052278
183052267
183052264
183052236
183052224
183052185
183052182
183052149
183052133
183052123
183052120
183052116
183052113
26170008
2390159
587817
574246
317059
197964737
197964709
197964703
197964699
197964681
197964659
197964641
197964615
197964612
197964605
191695290
191695284
191695229
191695211
183052307
183052299
183052280
183052270
183052266
183052261
183052258
183052256
183052242
183052240
183052227
183052208
183052199
183052197
183052191
183052188
183052181
183052163
183052159
183052155
183052150
183052143
183052131
183052119
183052115
491130
276797419
274815921
274383974
197964711
197964697
197964689
197964683
197964663
197964657
197964645
197964625
197964614
191695292
191695242
191695236
191695222
191695206
183052322
183052317
183052292
183052284
183052276
183052274
183052269
183052221
183052205
183052204
183052201
183052192
183052179
183052175
183052173
183052171
183052167
183052157
183052139
183052134
2202849
2162041
513597
277400654
275132785
271955679
197964739
197964733
197964723
197964717
197964707
197964705
197964679
197964677
197964673
197964635
191695286
191695254
191695232
191695218
191695216
191695208
183052325
183052315
183052301
183052294
183052282
183052238
183052234
183052232
183052226
183052218
183052217
183052214
183052210
183052165
183052160
183052147
183052145
183052121
3853631