276479725
275915529
275259619
274678047
274387468
273317624
262789588
262787664
262787116
258133109
253328984
253146726
210138249
183725279
168005662
155646635
19901151
3887625
3320499
2532703
887426
526253
490065
462973
442341
442331
442329
435065
435061
421161
420961
420789
416644
416433
416421
416413
416396
416389
338286
338278
277539625
277370495
277012502
276963328
274675902
274673127
274673033
274144034
270441316
263200027
262787487
262701140
259510768
190239108
184831286
168032737
167684139
144803530
115795367
74003607
73385363
68124404
55285015
48573483
29355262
19901155
887498
525994
481061
435233
435211
420978
420792
416640
416457
416423
416417
416405
416397
416354
276619527
275842090
274384979
274384977
274384971
274384894
274384882
274287356
273317580
270441133
270441104
263953960
262787495
259483182
253421086
253326004
249875312
210527540
210154524
186227877
180320195
168005022
167680199
74744276
74744231
73385344
19888624
490047
450149
436137
435274
426702
426632
420783
416429
416412
416400
416388
416377
331588
276589665
275842288
275258501
275238863
275089177
274287344
274287321
271357266
271334805
271334263
262789410
262701171
262466826
217318074
209407182
204105507
191779301
190238054
190230174
184833352
180320691
168163028
74749952
74553506
73584910
54513227
49915987
45170861
25204681
19901135
485260
460616
426406
421287
420795
416453
416435
416391
416390
416385
276564323
276563947
276563830
275258410
274674951
274399621
274384998
274384994
274384889
274384878
274384876
271350759
271269873
271256355
270441479
263209516
262466571
260730778
258885088
180323708
173973578
167983329
116159445
113005348
91441784
74744312
74744246
25203663
7957607
573991
560591
551030
490176
435240
421277
420787
416418
416381
416372
335792
277372450
276962721
276603508
274676893
274676799
274676452
274675271
274674236
274423171
274399656
274399639
271335729
271334680
271279318
270441413
262730695
262701285
257835611
249876440
247447248
210154998
210144206
209406024
192036696
184314022
170273377
168054809
261960420
248580658
167939563
167680289
167596492
74551991
63481124
52147583
48582821
31895951
277555625
277555527
277540207
277540145
277539615
277500072
277500033
277499452
277370128
277010656
277009080
277008997
276963258
276805802
276797436
276620135
276608977
276590071
276589557
274861765
274376230
273321691
262787599
262785205
258288283
253328443
184831116
168054647
168016344
167983315
167980962
167807378
167683603
167609339
110721149
74569145
74552059
37484584
2624945
416407
277589712
277500123
277378265
277370382
277370118
277012477
276963324
276619610
276608593
276606291
274852517
274682443
274680579
274463367
273803795
273724884
273566583
272421948
272054001
271347258
270441165
270058006
263103460
262973258
262789988
210530712
210530309
210154592
210145468
210143739
209401016
205234385
167814701
95540568
91440853
91440713
70658275
34752733
19901157
481108
277581460
277581149
277555637
277540087
277539556
277500164
277499460
277400765
277378373
277378239
277010431
276805831
276589728
276564611
276564488
274453688
273317611
272053999
271359688
271356478
271334443
263693979
262790005
262787506
262787460
262302774
254020960
253431897
210530900
210154938
168003477
167618953
74743868
26600581