270307701
208213250
91986008
39359939
37794813
35859733
34752588
34752290
34752193
32222722
32222713
32222232
32222099
32221982
29355249
27609081
26149080
25538040
25205797
25205233
25204429
25204415
25204192
25203699
25202371
25202299
25201722
24166156
23438897
23438633
23438231
23437566
22882065
22881964
22881942
22878273
22876432
22866514
22864624
22864472
277549550
277543411
277445094
87787104
36316468
36316237
34757292
32222279
32222129
32221922
29356504
25204513
25204353
25203779
25203652
25203174
25202281
23439043
23436877
22881893
594367