276672265
276123730
276123593
275610551
275108040
274544035
274118682
274098422
274082777
273638434
273596505
273304098
270394936
249577877
215262039
212356426
193501114
193419134
193367133
193366111
193334799
167675350
149366329
138380001
138219934
138191757
138173614
137943505
137527523
111186649
106515028
106514929
100384459
97845223
84574505
556550
538480
499002
498823
496171
277580953
277565314
277553905
277553629
276739980
276737472
276716852
276679760
276158282
274550493
274544072
274471177
274118694
274118692
274118680
274118672
274098378
273638202
273596438
273310501
271231489
270375854
263440241
249780667
217317988
215263957
215224544
209399948
205849067
203464653
193310172
177928339
137944437
137854853
111176544
99446479
85096818
85095903
84574835
496238
276740644
276737447
276139283
274118676
274118674
274082773
274082689
273640731
273637349
273596906
138149636
111176886
110949681
101289490
97822880