277364484
274854943
274674782
274674271
274142852
273314620
273305168
273303928
272532983
270502115
270053210
263694278
248762557
225195247
214242711
203422618
203422606
197687642
195994130
195472271
195283781
191699524
115768386
78553745
70805203
58711462
55288058
55285619
55285084
51991108
48862978
44173110
3046261
2026541
1384849
647911
547157
513620
421278
342785
277363230
275199435
274856364
274677807
274677777
274676791
274676582
274675828
274162985
274144013
274098835
273324848
273319901
273313471
273305183
273305170
263202178
205417034
203422654
203204654
202962016
197821219
197821205
197687704
197687646
197687603
197574632
195994050
195472279
191780619
191779436
121006045
94904290
74750000
59297360
58711542
58710872
58710665
53806186
2026663
270052977