277501493
277362908
277362116
276657198
276464960
276464915
276436154
276425519
276284149
276137742
276131022
276126670
276114022
275722587
275527784
275457314
275411644
275357882
275348448
275222029
275221852
275213142
275199015
274852775
274118594
273464254
273270524
270880006
253213560
198565735
196559911
196549269
195624069
195544430
171668662
140565067
118777847
16605234
571446
571439
277347611
277347558
277341940
277327084
277317833
277313216
276737482
276649569
276614338
276586422
276579738
276568830
276427002
276353773
276137117
275986822
275849979
275685536
275568577
275361856
275213542
275213338
275198110
273181685
273181647
273181606
273181560
272349181
272349071
253207893
204002841
199962593
199932477
115795732
16605258
16605252
16605232
4992301
4992295
1839549
275793740
199961722
195966954
4992307