273284732
273165587
273164665
273162903
273159862
273159831
202415181
202415159
202414985
202414978
202414945
202413879
202413803
202413103
202412618
202412349
202412276
202412152
201592117
145239921
136485026
136365281
134842619
134840512
134839822
134832143
134715387
134688826
134677630
134519430
134500318
134480550
134406048
134405980
134026077
134026060
134022906
134022674
133807519
73527172
276861085
276859999
276846695
273465500
273413985
273413981
272856802
202957328
202415084
202412987
136515351
136486458
134840767
134840309
134817857
134708231
134693509
134686344
134516055
134515919
134506642
134405746
73873533
72852280
43734891
36831808