277589870
277583200
277551604
276099330
274677613
274675622
274143702
274056356
274037635
274032012
273962043
272435539
271477014
271477012
263179596
207317657
206248686
204941556
199540470
198996174
195472308
195283707
194086836
192989156
192988603
192173979
191779859
174182830
73385147
66230347
58710459
58705884
58705880
55552882
55285520
53924715
37794624
36316044
22985113
2865497
277583053
277583030
277583003
277582907
277582750
277554633
277549284
277549089
274676442
274676355
274676297
274673025
274040568
263098985
208056427
206248712
200976747
200976745
193101554
193101441
174182840
158622150
103475000
102758213
2865499