274676976
274676709
274676104
274675950
274675938
274675267
274674694
274674422
274674184
274674058
274673980
263179632
263179630
263179614
258667316
258667312
258667306
202961970
202961902
202961861
197652402
197620675
193101694
192951398
192951360
192173800
139989755
139989751
139989739
139975774
139975770
139975755
139975753
125508472
109852210
109852137
109852134
58710996
55287781
908449
274677813
274677635
274675464
274675051
274674774
274673442
261840858
258667336
225195284
217208090
192174016
139989763
139989749
139975768
139975766
2206957