276248891
276248837
276248833
276248826
275695908
275105648
274931579
274926442
274926401
274926158
274926099
274925493
274925395
274925326
274925098
272896620
272896545
272896486
271456646
271456610
271456438
261975731
197380484
175445703
175445564
175445558
175445438
170267670
150709654
115303123
115298927
115289882
106363037
106363001
81940229
81939251
36316055
2137881
1422915
531115
276248814
275499460
274926389
273306198
271456358
271231469
268596736
263512956
260813888
201424439
197380634
194464795
189597299
175445776
175445764
175445760
175445742
175445620
170338538
170268404
115552938
115299152
115299031
115289897
114204678
106363003
106362994
106362992
98101933
92025066
91042330
49097789
48945103
48901444
48586161
10784433
1655001
1422929
531119
318049
276248849
275499515
274931568
273305226
263512943
260804536
253134706
197380769
175445834
175445794
175445788
175445671
175445584
175445535
174006972
173991782
150700169
48940097
48936519
48933038
48591945
48587334
48587035
48585821
34752377
531109
334328
277504491
276248883
276248868
276248842
276248824
275155745
274925295
270119104
175445682
175445665
175445634
174011116
174002502
170268210
116032173
115567435
115564481
115564200
98082026
81938994
49099465
48901148
531114