276907332
276896047
276889777
276861619
276859895
276608211
276428641
276132246
276132235
275777736
275732827
275732794
275672015
275506567
275427580
275405821
274535405
271071864
253054602
249668272
249181467
247795161
247666552
219140587
206310510
205941943
205928733
205666302
204325663
201538150
200780056
200717304
196550824
192852453
192474434
173714364
88814927
76401055
76386741
73871086
276907307
276906956
276906820
276906453
276906395
276898093
276897704
276897624
276889792
276860460
276860382
276860350
276859979
276858919
276853221
276853210
276853144
276848352
276848314
276846600
276846427
276180593
275859424
275859328
275777821
275506468
253125209
253053711
248357803
246855715
210130829
203756869
200779855
195844720
195739276
194115706
193006389
176036774
90738221
14708368
277350042
277349995
276907272
276906887
276906518
276906507
276906434
276898174
276897819
276895821
276889817
276889386
276861716
276861485
276860427
276860111
276859962
276858953
276858936
276853247
276853236
276848397
276848321
276844694
272420712
263770966
249143402
205611756
205606559
204057446
201001089
200996418
200780743
200696066
195848463
195844972
194107697
176704477
176581800
176581553
242077888