277571985
277441389
277326536
276922440
276653138
276583185
276524232
274863817
274468055
274377698
273992018
273445732
273252594
270466770
262590428
262477186
216001260
212314882
212213119
212213117
201846112
184489148
177428344
177347976
173553278
173536153
110447690
96594889
67712887
47177228
12800721
2438581
730782
730580
605080
599650
585122
543011
542996
542944
276929009
276140029
276123469
275196845
275006686
274901198
273718361
273476669
273378119
272305030
270854016
263041054
253468296
249374038
216001225
216001224
214166470
212314838
212314834
212314832
212314828
212314824
212314822
212314820
204810577
197720680
194568538
194568532
193584089
182834087
174037885
166084231
161541402
128256835
117072548
76056397
75332411
38110441
1446609
542976
277014522
275728672
275423185
275254036
275254033
275158803
275078194
275006074
273464178
273238470
273059031
273029152
272851007
272149405
271738999
270794832
270116979
262017287
248789042
204615571
173553266
173093702
109998507
102431112
91652037
90660810
85625486
75332416
75332414
58828012
58441480
15212374
15212372
13105198
2213275
634178
625109
543003
498140
441919
274113622
274113608
273948965
273948951
273948925
273820774
273445724
273318989
273238483
273238477
273127042
270854020
270853991
253306940
247681277
229707047
213787803
211978804
209867989
196579328
195954695
195624180
194465137
173553280
173553274
167019851
146270521
144276598
73727427
73727253
29354602
4628751
581022
580459
431514
276525360
276233967
275946137
275006080
274922232
274579157
274579153
274579098
274579094
274579088
274084790
273820778
273609190
271846119
270898262
270898240
270854001
269957407
247938092
247935746
213886860
209605868
196291980
193979851
182457553
173536148
173481623
173481390
146271381
135465300
110595937
110595918
71682545
58533767
48979290
43176201
10673030
10673020
730723
654950
277554493
277554475
275302810
274909668
274863814
274863377
274579092
273978119
273948967
273378784
273341070
271846125
271626089
270253603
263206696
262570030
247938100
212960248
212960244
195955620
193979590
180230976
174037880
173553276
160553374
128261426
128254438
115754227
110595923
110595920
110116874
101844658
101325467
91650120
77149262
76820629
70624665
56026608
53785091
650001
277516087
277516051
276590172
276523182
275946113
277516104
276930927
276843476
276140030
275006076
274863829
274360411
272248826
272148104
271583245
270854054
253524536
252041177
242085610
209605860
199176561
198296800
197596680
189940722
188377378
187011316
185889846
178458040
173481352
165992286
165992281
137941393
127180698
91251995
90743198
90660812
85626323
62774210
51030890
34951679
16227102
2583033
1052850
442491
442420
277554474
277505044
277344206
276675846
276292255
275158829
274084796
273978356
273655412
273379958
271954421
271589925
271580585
270798851
259455711
252639860
249220254
214076425
212314808
208616472
208289464
204053398
204009115
201004695
196292119
181783080
173553270
173515460
173481880
173481606
173481354
146271608
113084058
105544154
91650108
77548236
69621516
66779655
14732182
696299
277276075
276851011
275946126
275913489
275526973
274988443
273978597
273978558
273434626
271189078
270853967
263626152
215997712
214076409
212484743
196896986
196292152
196292121
195657368
193979865
183487770
173553268
173093685
165992289
152880129
146273451
127323331
124892974
118326098
113000873
113000863
75332660
72708717
53469496
51990408
31250909
20957844
20332449
731222
447185
51106343
18002162
16260029
10673037
277344208
277043503
276828126
276590239
276077005
274988462
274784730
274540453
274536037
274401384
274120538
272496269
272307221
270992509
267340230
262783969
253318999
253238958
252671985
244132184
206840679
197337704
196292010
195624217
195186086
193979609
177274805
127180694
109960267
91552407
73516881
73356478
63563515
23428981
23425789
18001809
970358
580457
546616
354876
277516085
276524288
276174678
276167416
275925557
275774068
275493176
275207271
274364870
273574236
273574168
263988922
263704277
263041099
263041058
253468304
252648403
214076449
213787628
196292130
193979843
192909264
192459127
191808416
191758863
173360390
160552998
152662399
113086033
111536252
87857970
50705350
22648458
20486312
17016827
1052858
636971
588168
455898
417155
277516055
276969813
275483226
274988440
274149709
273828422
273689972
273679661
273203815
273046137
272753303
270107081
263119517
262792305
259590035
252949935
252062610
251443935
251276031
248682193
210513664
207033295
204880987
204009122
201610647
199970122
197544434
192048655
191808314
185851644
184101372
176752970
172422079
160553204
84884205
77222148
177703603
177703595
168761490
134648250
97791458
50248646
43773723
18003062
15067120
10673022
6199607
1013156
884234
578580
578572
355353
276932675
276634193
276563572
276556023
276165671
275480050
275206244
274885392
274120575
274120555
274120536
271386274
270906850
270853989
270442392
263037772
248789038
248679800
247290031
242504910
209605870
206840673
205707667
201592099
196292068
195624186
194786308
190827079
142791759
120183621
108241195
102541734
59478666
59470260
49640776
15067427
10833320
637380
442214
441917
277345005
276568751
276364053
275591818
275346666
275125149
274988447
274952520
274444804
274120561
273174397
272421516
272297758
272046292
271286133
248755014
217441236
201293144
201293140
200939714
198955496
194787351
193979581
181799592
180230983
178262406
176024739
174896149
167615123
140482561
106338455
103474892
93754487
76747024
50215787
41648189
10673026
646719
605872
605868
277416198
277014916
276525384
276355144
274377692
273396705
273169308
273085429
272305021
271441626
271303223
270700147
269946938
269946934
269946640
263041047
262451709
262043718
261823830
257868887
253620263
249220262
249089713
199548457
273085419
272112327
270700161
269946616
263207749
247681013
242504900
217145035
214752713
208648804
208196290
204302124
197955187
194568656
185005944
174933094
171580928
159484699
146274779
75698274
74747656
71682426
20460678
11079890
730678
646727
506588
447179
277516071
276568743
276525710
276486837
276382425
275792225
275731817
275340438
275245439
274596866
274558395
274149773
274120669
274084782
273978688
273978606
273978553
273085419
262659249
262570338
257835571
248789115
216213445
213936065
212484487
209603415
209318710
197620518
196292002
194568552
177142776
169377592
160553236
146270329
77221603
50705348
2583029
882814
637383
605278
276488416
276366986
275415515
275158822
274418980
274326344
274170449
273953846
273620992
273609150
273596358
273551285
273524651
273434624
273363306
273135914
270677773
261967434
261967387
253293530
252035410
216090644
215997719
191682410
191671493
183487762
180609944
180400022
169377660
160553040
127692544
125730469
114885685
105231580
58708264
53469510
36313738
22650070
729344
355341
276932452
276568744
276076999
275723247
274988455
274709455
274445268
274120611
273317956
271654788
270708637
269947091
261803916
257846610
252949014
251997531
247681202
221231110
217138799
215147310
213706933
207281112
200025768
196579420
196291964
192949644
192459004
185653997
182135238
146275388
106996064
106765118
102531883
76677271
71682124
58708698
47799401
11216780
646722
637390
637374
417152
276964978
276175136
275818404
274863838
274379607
274377701
274166103
274165866
273393405
273291815
271314920
270676995
262792289
262792285
257835601
253471994
252039141
230138371
222723715
216090632
204302126
203084280
199970236
194183541
192950527
192949286
189940687
180400020
178461201
171586254
161541398
161255477
160553234
146275499
113086035
110595943
77151198
59562446
731236
438334
277416180
275006098
274170447
274120594
274107072
273602154
273572800
272306867
271341260
263395874
262852707
262569929
249771970
249771926
249252618
216296889
212314806
205708294
196292058
192951054
180749956
176753013
175828459
174039854
113000325
91574141
57771390
51198858
22367740
20436991
13359787
1582327
1533447
731113
729193
605324
442427
406834
365899
362278
277438030
276828132
276252173
276139330
276077002
275842579
275267719
275158843
275006680
274626251
113527729
111582651
20438035
11214543
1013144
525826
277514765
277506979
277466648
275792584
275728789
275150178
275069391
274456027
274445318
274444893
274389791
274353040
273535530
272420834
272293623
271846463
271118671
261967316
250072499
249603644
229703281
221698621
213676501
209905817
206651094
205966557
204027013
203591340
201385823
195525267
194819045
193715741
174827246
169818002
145399596
118325477
114945588
114945488
55525244
55522807
277466606
275792705
275260278
275244153
275064847
274646534
274444907
274099628
273894755
273535266
273385230
272309652
272307336
270799049
270746942
270113209
270107098
270107043
263113970
263100037
262731130
251465392
250026024
217441366
209905766
208652900
204878410
203200926
201894457
196190295
193258935
187011206
185405509
185405506
185175683
180308355
176926497
169817880
23830853
11216159
277516103
277417164
277412020
275527119
274880891
274563545
274539797
273978639
273978508
273963017
273951796
273888117
273648535
273585130
273498108
273253537
272753314
272456528
270059838
263455787
263294990
261995662
261967323
253620548
252948426
251734202
230200227
213489436
208739105
207697450
201600012
185405502
178603088
177616355
11216898
355352
274563103
274553745
274394886
274360728
273609192
273203457
273085443
272305913
271845877
271167829
270898268
270107067
263702998
263179469
263179445
261151746
253391307
253293570
252892377
252892375
242504918
212960190
204302114
196180736
193045264
185006145
185006073
185006061
185005818
183487768
166084227
90117167
71682684
20438387
14733282
14606527
646720
442494
442444
431519
274777103
273909735
273551293
272419795
272305751
271846410
271342443
270796372
270796261
270453673
270442380
270224433
270107035
269973436
269946994
263303905
263041119
262451705
262078215
262078179
252714148
252099100
197464974
197337663
195573564
195573554
192949214
185006238
185005973
174321518
152705123
113084061
71682446
69360610
23831039
20438640
14606518
646714
528168
442481
276915523
276039048
275946120
275089307
274614069
274553800
274553794
274170493
273620987
273551275
273377473
273162431
273162421
271968132
271968124
271953436
271846195
271845911
262654111
261967267
261825489
253468311
249220243
222723727
194451715
192458970
189940703
185005909
178427368
159484698
146274452
146272724
146226327
146077322
137966144
129766807
87120696
71682400
165992293
160553244
137941488
111537688
109765207
1647121
579420
277554478
277516107
277516057
277395410
277369502
276828130
274412363
274377703
274166935
273971808
273971778
273971770
273769481
273476649
273297277
270853970
263803806
262871194
262569915
250813901
247981265
219161864
212213155
210116388
207281432
199970267
199176571
197530299
196320722
196292100
196292078
196292016
196292008
182830906
160553388
158983404
87128906
76057471
12080493
1647113
277452861
277412018
276348636
275599866
275076192
274318057
273855841
273732150
273509727
272420801
272297786
272293473
270789580
270747096
263114093
263114082
262570078
262570044
262569986
262392140
249972365
248799773
225211759
225211755
217145326
215978111
212440966
209298952
207645133
204878446
204170404
203393076
199011639
196094162
187011384
187011308
176024851
167614349
152546708
54422735
277452867
277451375
275956671
275731769
275698087
275206900
275002502
274920900
274885915
274869204
274445192
274073026
273535287
273241808
270791751
270504932
270503923
263455789
262852684
262570224
253299690
253099423
249934832
249802433
214076443
212438590
209867953
209349639
208739123
204141113
203200947
189536235
179916148
2664825
1533445
354923
277416192
277416149
277395071
276897425
275899151
274670866
274670673
273552917
273277396
273043019
272466476
271312450
262569935
261967931
261967893
251997535
251335630
247681082
222678421
209318405
197885205
197544696
194787611
191808492
191808458
182830590
177630748
165205851
139670130
139235283
130756434
129309622
108241192
82704612
73287720
61312453
43176183
22650031
5928839
346670