277395848
274673153
273328503
273328468
273302647
272367338
270073007
263790819
263763533
258634516
253182545
213936766
212110143
200976889
196579674
193880574
192173936
190739846
184773275
183731799
176534645
157078190
117374911
116638262
110126379
109852192
70473706
63962488
63875428
54127840
54002753
51641214
51586635
29355666
23437381
22985893
19830366
14948544
7695682
2057177
277551259
277461277
274133735
263773284
263098614
263098436
262656772
258673191
249852334
213936742
209603514
200976895
200976711
198113254
198110808
198103395
197337437
194086890
192173840
191809778
191779517
191621092
191621088
191005090
184093905
179930081
155769126
155630250
116145005
115694826
101744211
87045231
74036069
58711514
58710956
58710233
55288987
22986270
22985269
22984932
277551612
277551306
277551294
277461359
277461317
277409849
277403286
274676460
274675514
274674742
274674460
274674052
270098180
263777010
263763581
263763370
263209949
213936756
202962030
197530335
196579666
192174018
191779855
191044482
183719761
181567293
174625356
174526342
166389388
155780989
155642547
110126372
74035844
50239060
46689814
37659345
25002249
23437046
22985226
22985077
277551840
277551639
277551323
277551220
277551188
277551058
276563740
274675129
272558500
263099028
263085292
261800557
230139064
200976855
200976777
200976775
198285282
198192601
195283738
191621078
190737489
186744901
186692629
186270086
186269706
181267970
181267961
179754095
176533523
155650932
139514040
110126383
110126329
86424380
74036005
66229176
55285582
54127732
22610399
10670832
277551635
277551589
277551211
277550766
277461283
274676504
274676332
274676100
274675301
274674399
274674366
274674246
274673880
274673397
272430606
271363487
263775900
263767668
263764764
263764402
263763570
263082028
262305694
261995636
261113137
209603512
202961942
116148062
115694905
111712048
74451693
74207818
66580450
55286801
49641366
49379202
22986863
22985908
274677955
274676736
274674704
274673627
192173948
107004499
58710371