276149413
276099314
275970960
275359095
273989028
269904981
253134453
252631693
216299219
201088328
198285535
195660620
192998870
192173806
191694530
128675123
108748241
100384438
92552351
91833162
89315902
89315710
89315660
89315182
89314134
73766486
73492347
68124452
49641406
23438430
20644493
14616447
4975035
3495789
2026611
2026491
1056118
706939
567365
560425
277427051
277375413
277353071
276368926
275970974
275970962
274677105
274676606
274673870
274133500
274125840
273324852
273322644
271288880
262335993
206715325
206715307
197821246
197821225
195994115
195472253
195283811
194086834
120471909
102552251
101932648
100384103
92552686
89316229
89316061
89315881
89314990
89314954
89314715
89314707
89314392
89314229
89314143
89313982
89313968
274675892
274674028
274673021
274141920
274133505
274124307
272558484
270502158
270052766
208056333
198285391
197687718
197687698
191921576
191779434
103475276
102552309
100384112
94277428
91984627
89317362
89315115
89314641
89314495
66747567
55422840
26438589
346760