276932655
276901435
276408953
276110956
275570616
275519739
275218890
275068558
273461075
271967897
253782390
247794595
247794439
213845648
176583103
174604224
173406750
159909148
115789977
107016488
68500154
67249645
67249173
67241188
67240260
57702427
32224246
16457630
10073765
953873
492798
492797
492653
473687
472865
472862
472798
472795
466153
440391
277409559
276929065
276795581
276653388
276120001
274946080
274458283
252178287
251929794
247794695
247794503
242782149
242617880
188832738
182992928
174604728
174301516
174301198
174300945
174293506
173410464
172922941
159897730
116827869
88915048
88822201
77182322
63169332
56250967
53845795
50091708
25937474
16452930
492796
473655
473610
472861
472805
466290
451888
276490493
275813990
275267882
275218869
274539513
271959137
270247305
263990230
247795303
242785639
242618225
189147735
174300890
131280893
121228620
83397772
76420942
67240335
63175128
50176614
50090319
45656450
26017425
26016397
24430758
16466926
5913107
1953253
1000615
492655
473686
473654
472774
466300
465380
465352
451935
451914
440563
440386
275266861
274655821
273929130
273452158
273273912
270955884
270955472
270481105
270308442
261021805
253720110
253396267
248325930
242753416
242634460
242618723
207294952
187836827
183052446
176582701
176581515
174605483
174293823
173382073
53181157
32225617
29362014
21745837
492799
492795
466263
466152
465460
465348
440385
438495
276651996
276274882
276246806
276025805
275736824
275524281
274655652
252103232
248325934
247794277
242787821
242763330
207334198
173393204
147964580
101307675
96579173
88916449
79459948
73866083
54654063
49309176
31864212
26020101
25973758
24437417
23400254
16444176
15994169
5110905
3324915
473609
473606
472777
466295
452141
451898
440564
440562
440388
275499782
275246790
274590556
274590419
264021709
263207771
263113276
260930329
251941226
251936890
247794836
242760679
242759121
242618539
230315315
227135297
193519357
183339171
177312878
175415002
174601022
174500525
173409257
173347467
172175827
125137168
107016540
106369595
83397918
36711283
32722713
24634863
20552546
16396348
14758571
2692739
1891897
472790
451875
451818
276507030
275860514
275712050
275264426
272468725
270247191
262086763
242636959
242449727
242087735
205744120
203964808
197975049
175414547
174604023
174589495
174300738
174293876
173409676
143006140
96586790
96586785
73402553
58533765
26020663
15447481
3579727
2673945
547562
473611
465485
451901
451892
440560
275733715
275733709
275586492
275258334
275129372
274656384
274655720
274590636
273906212
273397950
273188296
270954136
270247552
270247444
263577208
260920342
252069106
251939269
242722755
242636430
242634392
242616195
242487418
242453458
242453041
208432666
202043484
176585171
175149101
174605046
158868426
132837495
88915067
67897165
16458607
16396337
1953231
1891899
1657743
465351
276811787
276652027
276651968
276284866
275736828
275736822
275736818
275499795
275269175
274583163
274540024
274539580
270057496
263117469
261021702
261021556
248589929
248563201
247795097
247765550
242723644
242722176
242720359
242616168
242492605
242488801
242453931
242449933
242448899
214010922
207240351
205744389
177311860
174605154
174601119
174502449
147965102
14756354
452127
451922
277381158
277375644
276121773
275939756
274656744
273928998
273187658
263113798
263107255
260926370
176449927
174839849
174605525
174588431
173392569
154182150
125785999
101362315
98573783
3324301
465502
277588379
277359765
277345865
276652045
276652042
276246845
276246637
275439147
271197146
270823514
253782507
247842417
242723591
242722805
242720113
242719926
242634294
242616174
242491829
242488670
242487790
242453129
208657407
205729576
205729423
194461714
187836772
183056354
182972058
175150429
174892164
174878672
174604915
173406856
169380504
139593295
139581670
48477987
37152450
5110909
277559099
275939850
275499786
274656287
274655939
274539556
274539438
270481616
267342415
252891348
252387601
242723649
242723625
242720264
242634444
242616225
242616214
242616204
242493832
242487612
242453069
242452866
217513527
210879165
183337157
175142735
174878557
174635249
174601060
174501109
153957671
124861981
25972327
23861708
16447707
1994249
1994245
466303
465368
440390
276263130
276121824
275453000
275129335
270919190
270058485
253782473
251942163
247795925
242883331
242720248
242719909
242634498
242616236
242616233
242616184
242492202
242482466
242449741
210879507
205743538
177308422
175151535
174603483
174587244
174439118
174301367
174301283
139579611