274677951
274677461
274677166
274676988
274675991
274675419
274674434
263097523
263097473
263085383
261840757
258667016
258666953
258666913
258666887
258666885
258635089
210514093
202961946
198285320
193101811
192951297
191144374
110418820
87045042
87044871
86424478
86424414
86424412
70739575
55288919
25205656
12670378
12670063
2202765
1382627
489543
489537
489533
489532
274675504
274674924
274674424
274674284
273306211
263097538
263097498
263097490
263085416
263085412
258666973
258666955
258666936
258666934
210514101
210514095
197652466
197652382
197530479
197530357
192951476
192951442
192951420
192951416
192951412
192951263
192951217
192951143
117984207
87045234
87045072
87044894
86418294
74451644
74451640
55287032
15857227
15857198
15857170
2163007
258666927
258639826
202962002
192951259
192951257