276933745
276933742
275986783
275716180
272864409
269973488
263484154
263484153
249875527
248544492
248544488
248544481
248544480
247938094
247936753
241748808
241748796
190502329
177703611
97822658
74935639
72478124
50367673
50367671
19449079
16135291
16135289
16135287
13443886
11472698
11470936
11368983
11368965
7050773
7050765
4299609
2987225
1864759
1534619
540039
275986787
275986784
275986781
275243312
275141252
273434634
272864400
272267446
272165548
271957652
270862756
269946844
263484152
263484150
249921258
249875510
247936757
247933416
207811604
129937250
129748829
103379146
99944798
93182043
91864225
91861134
74935629
74766367
72477857
71760969
52586686
52053255
50367675
49601074
48565678
19449356
7771864
7625304
2466033
544734
276750470
276586552
275236941
275141751
274843714
273678209
273678069
273434620
271956509
270112901
249921315
249921252
249921250
247936770
247933412
247741459
222684757
222684296
173796318
147570470
115693251
103379158
103379153
103379150
97822130
95035999
95031151
91862001
87896312
87547213
74935631
71948062
71125311
42458998
11470329
10595372
7710132
7709526
6754225
2987235
71682082
71681865
71674402
277607293
270862781
270859773
263453364
201244239
177860524
173626184
146491466
122427384
122426951
122277591
122277331
121682480
121682403
121678120
121677782
116167292
116046040
116033453
115972255
115969524
115968295
115936158
115829795
115827792
115824256
115693360
115277666
115271036
113475697
107419184
107419178
107419168
105737823
91778956
86947311
86919456
74766460
74441632
74441132
275308308
275246078
273676348
270862766
253059795
243086157
121680617
121678719
120760627
115967612
115888375
115827210
107419174
107419170
107419166
105737813
99334383
71950114
37793597