277175489
275967438
275918718
275856811
275504389
275198799
275143351
275063854
275019537
274891644
274891572
274604354
274376220
274185009
274142659
274096641
273915933
273636030
273578881
272184998
271712503
271378696
270874823
270830528
270487265
270055525
263563887
263563761
263113024
262850964
252565032
248786608
242076386
230054385
216461668
216001008
215445566
215125379
212482189
111712149
275875000
275335513
273790891
273473495
273291232
272998555
272453316
271249231
271129234
270252943
263964351
263563929
263483269
262656501
262089537
258897423
254188719
253290966
252171298
249285146
247797008
247796667
242420834
225183057
220661093
216001202
191779966