276831149
276831144
276410439
276408658
276175113
275604750
275460588
274926108
252041919
252041912
251590824
248537353
229809372
213845631
208175164
208174232
186979615
185409456
185409035
185407770
166955021
160270421
153664177
109654814
107342987
97922719
96554879
95022884
92146136
83020952
43342058
1227765
1227759
895456
877654
547456
473952
175469
173058
172793
277539453
277515016
276178312
275162248
274457745
274397390
274397334
273441160
270135027
258752376
258222595
253389835
253388615
241759031
241758970
216225856
207174518
173450053
173450037
120472203
117207708
115639501
96579085
96557784
76068441
73127985
58992771
27843939
23520223
23515508
20836536
20542098
4502769
1227763
1227761
895460
895428
349012
172804
93066
277509961
277504473
277342683
277045177
274770263
274593326
271230397
258223052
258215931
258184189
253344916
205814578
204322755
203230387
201844717
176522338
173450035
173038639
164941116
162593428
120169718
116567805
109016999
97921561
96585863
65590950
46578722
37698686
36028435
27993919
26086151
25004238
20836526
20541886
14296326
1409727
1227767
953901
93389
54623
277477337
277462282
274417012
273441005
273331666
262675002
253389834
253388677
253346310
247814630
195971274
173450043
158623674
96583358
82390243
55290088
26340704
24388630
20836569
1227771
1227769
207561