277522723
277464026
277438624
277312616
277253394
277172644
277135757
277135735
277045721
276649448
276649438
276649427
276418968
276401013
276401010
276353084
276353068
276353066
276174669
275946549
275789823
275789810
275702539
275020971
274649731
274245705
273952855
273842943
273672301
272895670
271808190
270469914
253361064
248755023
213704979
200780120
185242031
162205263
14655136
860786
277312578
276840373
276649435
276649431
276286342
276043641
275946547
275905144
275868850
275688773
275621591
275571106
275508013
275481994
275140688
274554761
274242089
274123940
274085880
274050519
273961036
273921516
273869078
273593571
273552924
273385533
273378780
273127184
272648544
263697796
248682670
217148632
212213016
201933789
195299500
181915295
172118399
114937975
62633902
1042922
277464044
276829546
276446166
276384306
276043663
275945044
275782195
275627743
275551326
275401834
275188213
275107228
275107220
275020957
274918039
274751558
274745585
274242098
273962514
273574443
273038604
272111589
270822072
263697808
262782341
260847315
235367949
214497211
212562594
201110716
200710340
200710338
185410041
184774171
180749974
168662593
166319868
860790
556179
371432
277167647
277013657
276944229
276944139
276706975
276663663
276551489
276547770
276487641
275946567
275676366
275357025
275357003
275235697
274496975
274317864
274242096
273348715
273230901
273057293
271270654
261798710
253274970
242504273
213704987
212992699
200710311
191917658
185868352
185862216
183546607
178240553
178057352
167595096
166319841
114046586
63078279
21162548
21130352
423135
277421591
277375424
277375415
277256512
276900131
276688041
276501823
276467777
276244500
275937340
275825576
275481921
274999508
274314563
273962508
273828461
273672299
272558695
271270301
253712409
249646908
249054617
242504271
230207711
229714485
217259508
207251164
205506466
203432892
196855347
192975174
190061072
185360753
182481294
133791825
53770248
13935123
10229413
7086995
378484
277474883
277031053
276856068
276749970
276584227
276525187
275694267
275670679
275571271
275237519
275235705
275148512
275020965
274532601
274315187
271270442
265703987
253237465
248755021
216213560
214992618
205082374
201385672
193004209
189391153
185449411
177930414
177267289
159847121
151757142
127032891
72069918
21032148
894765
828613
277540969
277474715
276643371
276555715
276552185
276548473
276524597
276363968
275584534
275361862
275280072
275179797
274619320
274507552
274412115
274252880
274179212
273624043
273608450
272897240
272239775
269896729
252565084
235368664
225241488
222695904
215837968
213967097
213675119
212993224
208100400
205696299
203065263
184781427
182467633
180218230
178230451
169514223
116937566
22162313
277444550
276524787
276369187
275967513
275921274
275711916
275671473
275235675
275071894
274852515
274826700
274818740
274468901
274356367
273547852
272480566
272349646
271959018
263692793
252564721
225251245
218736204
214189122
205081280
201698690
197629212
197575054
191477707
176902310
169514646
116806267
113526018
92732212
76899364
55512030
10857702
4467479
3035263
884426
403057
277501987
277006621
276618288
276585381
275033881
274654892
274168645
274134078
273899191
272225304
270435559
270315977
262895524
251552594
251345239
251324739
248799086
242075143
217517692
214876251
248682760
245769596
205080989
202330080
195936908
194033288
191281348
190093968
177154447
171093208
168470218
166079877
137941259
115254456
114589983
70692035
8069591
416323
277552929
276847308
275742045
274534735
274534728
272442506
272189488
262974897
253201078
251980497
251365208
250549030
249038469
248779217
248552893
247331154
242030636
230055061
225241879
218736258
216462242
214189068
209863820
200848778
200710310
197668849
197625519
196856044
194398028
191914901
190235212
181120105
180567001
180230056
179157538
129138328
127692443
127591343
127033516
48759058
276685457
276500568
276497626
275276627
275179340
275174909
274986841
274824385
274540878
274538270
274459738
274274197
274077892
273283637
272596900
271371022
262023853
253100661
252854098
251447047
251336058
251280022
217771951
215795980
213724166
202604458
201430872
195960281
186090744
185466033
182547819
182458102
169514458
166080223
151757135
129138515
117832416
109862075
54785904
828609
277444554
276798399
274805650
274046377
273432514
273354478
273127582
272864238
272424736
270661228
253406832
251460259
249054643
248549807
248208935
245769582
214930427
214189159
213698514
210230230
207251185
206762541
214873561
212556841
210524746
208100398
207278706
207251160
205113107
203084304
202781882
200848898
200710315
180230731
178111076
151757133
151757124
149775862
127591580
127591155
124893040
115254445
109641024
22057984
277462616
276882819
276736144
274429311
270975375
270671048
254902107
252868621
251552602
251552596
249055695
247956464
245769540
230207715
230199795
225933799
214505237
214189233
214189118
213870110
207643826
205183112
204429759
202529257
202475545
201843859
201385890
201385799
200848729
198823366
195746422
182468682
178771384
176891222
166080073
166079885
143144255
127032542
53826897
3737967
277558501
277474719
277444646
277422299
276750988
276706830
276589444
275923045
275712179
275276610
274880654
274527887
274356268
274287185
274286422
274018698
273683969
273623871
273605609
273306442
272203532
271953948
271759843
270252895
270104383
263809335
251280276
251279776
248977499
242482825
215157186
214505801
207278783
202716535
201308540
195970367
168493857
151757140
127033424
53871206
277411875
276736136
276700485
276310033
274998952
274845078
274468871
273649016
272834222
272616415
260115221
251980501
247446330
245765340
225242109
225241911
217187518
217125629
207071969
204394219
203084083
202529427
202042294
201385755
201385674
200849274
200849138
197575056
151757125
129138205
127591399
127591346
127033529
127032466
277588448
277571975
277568532
277343481
277268625
276681555
276501890
275888088
274751567
274507593
274185766
274024739
270455813
252853938
217771933
212557745
206129305
200940120
179445807
166319855
166079820
149707216
54788529