275550088
274362672
274105054
274069251
272352409
272338816
271141514
250073601
208432623
201296282
191911708
180585693
146271903
146271433
146270555
143185998
139979522
120183422
117202648
79104657
69624546
67060010
34583393
34579577
22532958
19841774
11728066
10715717
10122143
9957201
8009526
7964040
7365195
6098069
6073803
4441015
1443167
492343
456169
392532
276384329
274916935
271199997
271087669
270120672
253284910
247346487
202460182
202046004
201874769
201801393
193227854
193223208
180585273
130770660
124887591
115254480
102140050
73163369
55833101
50440386
34746255
34590948
34588491
34584985
20482118
14875688
14057994
14057950
14049020
12511855
11717094
11470640
11285177
10857181
7599412
5001943
1635863
545068
398522
276857154
276450454
274912891
274910687
274168519
272844515
270141711
253309336
250073843
212561841
205416985
201874750
197623271
193225762
193223871
193222437
184318112
179775456
178593399
177270323
174823136
172318949
167615487
167615088
138183873
132303169
117315831
115254308
92551673
68553703
53805871
51477309
34731729
28939706
14875229
14057764
11586332
11458158
8010143
6077187
23511482
16262769
14050876
12220484
275597228
275597208
275191709
273719450
273646252
272452429
271451263
270993089
270141776
253349988
253349957
253211651
242077761
225961787
225961779
201892040
201386124
200999189
193213535
178602282
178311430
177975939
174308178
173755915
173755729
167615279
167614727
135419784
115254258
72711854
41071270
34723543
34593164
23512738
14057805
14047748
10854958
10566295
9437390
1689679
275543991
274910735
273642116
273532679
272165534
270111919
253349959
253309449
253309443
253309342
253211995
253211643
242077764
225961803
216986321
216986282
216986264
212560966
205601878
201798935
197587804
193222750
184410008
177976119
117202664
107653574
91852564
77230999
73742829
71020023
71019549
53826377
53805571
41065322
34581384
14962394
14050697
12220313
12054033
10684924
270111879
117315741
117315708