276037875
275947440
275947360
275224163
273185474
273176608
253413943
253413900
253413892
196950538
192788897
192737435
192689079
192527259
168563577
168561515
159095442
159095262
155691483
154182152
154181959
144516498
144514536
131280749
130043366
130043302
110876268
110875930
110875896
110875453
108957404
100391413
89208804
88979638
88966027
82389244
82389238
58893758
58893729
50268569
275322543
273205052
273187364
253414090
253413853
253413736
253413726
253413544
253413471
222680673
192877534
192876824
192774376
192726579
192725412
192686693
172907737
168562144
168535575
168534790
160208551
157214824
157200010
144521231
144507771
144507386
130043322
122829078
122645882
115551997
110875763
101873758
88976941
82389684
80960448
58882674
24645441
24545323
24544857
658823
275478735
274004477
273680163
273203204
263208504
262852675
253414006
253413992
253413919
253413904
253413807
253413761
253413742
253413627
253413443
253413401
253388645
198456277
195768882
192736635
192729917
192729559
192729079
192726790
182969648
171993376
171991722
168564865
159095590
159095474
157215151
154184409
144516624
144507700
144507238
127286438
121228249
110875499
89178831
44662556
275951518
275947861
275579981
273205961
273170636
271317235
262674966
262656946
253414190
253413677
253413663
253413525
253413438
253413424
252133064
244301492
225381591
214589789
196948934
195875444
192769453
192705400
192704879
171795528
162593309
160209253
156113047
154182339
154182026
146758208
139565612
131280632
131280602
130043273
121678717
121228443
115101802
113560848
110876005
82389682
276262862
275952395
275952252
275948695
275647023
275580128
275013076
274660502
274660468
273206063
273186088
273170853
270794973
262656971
253414115
273185375
261823875
253414163
253414065
253414037
253413967
253413735
253413670
253413605
253413516
253413505
253413452
253413423
252536662
252083858
252080443
252069083
217764185
192725635
173674365
171999696
159786012
156113069
154181895
131280799
131280592
130043358
130043318
122273780
121228157
114572199
100510606
798460
275598378
275584503
275579914
275576430
275191552
275032080
274709989
274526224
273344105
273344059
273167334
262852665
253414165
253414145
253413974
253413752
253413644
253413604
253413550
253413519
253413497
253413457
252543598
252076587
192876805
192722014
192688544
168535235
160208539
156113079
156113050
155699112
155699111
139565191
131280699
126945268
82389696
59536338
48010640
37795485
276259968
276253173
275658835
275646966
275580166
275224174
275013078
274717754
262852637
253414248
253414232
253414226
253414155
253414137
253414109
253414088
253414020
253413997
253413923
253413870
253413847
253413829
253413824
253413625
253413613
253413548
253413526
253413502
253413501
253413459
204302465
193013133
160208516
156113068
156113048
155699131
155694819
154182988
131280531
110877306
276523948
275906176
275658216
275646647
275512068
274774420
274105276
274726381
273177918
270502330
266007315
265891241
262852851
262852618
253414216
253414208
253414196
253414057
253414032
253413956
253413861
253413851
253413784
253413507
253413408
253413399
247741345
168534962
156113061
155699124
155507702
154183550
154182924
154182283
147117825
144520972
110877219
110877082
108957380
92693516
51991300
275841355
275576593
275022409
274711592
274526159
270053728
270053548
265988991
262658968
260438930
253414212
253414183
253414153
253414084
253414033
253413979
253413976
253413798
253413733
253413666
253413656
253413646
253413594
253413575
253413569
253413528
253413509
253413446
253413413
217708590
198584775
192951833
192725912
160208521
155700037
155700010
154184160
110876196
96575241
58992611
275658080
275648630
275647093
275646522
275584576
275224161
275022516
275022403
274726400
253414242
253414228
253414185
253414161
253414127
253414066
253414047
253414000
253413884
253413862
253413828
253413823
253413804
253413781
253413766
253413720
253413703
253413678
253413645
253413609
253413487
253413464
253413441
253413440
253413426
253413425
253413406
160208497
155699110
154183462
110876091
276074609
276026966
276009498
275947738
275658404
275626261
270053806
270053522
265997654
253414143
253414098
253414059
253413916
253413902
253413883
253413808
253413717
253413702
253413680
253413600
253413485
253413480
253413431
252066227
225355220
155507690
155503929
154184676
154183978
131280886
131280829
113235654
110876148
82389234
23418169
276382705
276029217
275731580
275658892
275646280
275576554
275575906
274772964
273344067
273170706
263208438
262078615
253414157
253414139
253414113
253413954
253413933
253413891
253413878
253413845
253413830
253413811
253413788
253413771
253413769
253413626
253413601
253413564
253413421
160209255
159786056
159785987
156113038
155699887
155694814
147588562
131280634
131280548
110876302
24545294
275022100
274717747
273344227
270054020
253414173
253414023
253414014
253414013
253414011
253414003
253413962
253413929
253413880
253413864
253413855
253413846
253413840
253413812
253413737
253413675
253413633
253413578
253413563
253413451
253413435
253413400
253413393
214594169
193012035
173449758
160208491
160171144
156113037
155700036
155506982
155503931
154182395
142237577
131280819
110876044
276523799
276383072
276382581
276009523
275954339
275948645
275658900
275322290
274526973
273177692
273170881
270053931
270053580
270053568
270053524
263208308
262657705
262655247
253414252
253414240
253414220
253414198
253414111
253413890
253413790
253413764
253413636
253413617
253413520
253413433
205287502
204302439
195875419
192877303
168532449
159786052
155699875
155699122
124041272
122522168
122273788
96575247
23627211
277486465
275905207
271317968
261823392
192670171
182969653