277412034
277344592
276756674
276231113
276180755
274873672
274069425
274069413
273921445
272830297
272106953
271317439
271198538
269007383
249960247
216097690
212213075
204063080
196180806
192951048
187279375
171677989
157054867
95997783
75454165
74332664
69219939
69219935
56906067
10325548
9949532
2582029
1453501
777418
566493
565984
549835
534934
506060
437718
275890913
275825692
275825689
275620970
275419122
274875240
274824706
274112909
274112557
274084764
273848199
273354323
272388416
200771995
196516218
196150459
173420541
170490712
136684902
115483166
82072617
76117849
73632348
73408984
73408980
69219943
58067801
48980150
46332522
6914097
6557311
5743639
3869871
1661227
1453499
1453497
694894
534939
505511
421868
275419104
274824726
273846217
273624691
272249254
272147666
270108293
207840467
187308339
186495663
180851234
174256655
173617068
115795520
89402949
86756291
74451256
59553862
41161739
20424658
19364035
3840811
3715851
3483095
2664835
1686721
1574885
978832
777402
691493
650236
571996
566323
535100
518169
505876
437721
430856
430846
403707
182306165
177838847
155110809
137440325
115754341
112534755
74458470
69980931
50367677
48492233
37946843
35957465
23222667
4719833
3483099
3483097
828643
650226
605647
547817
537562
535831
521147
442423
437471
435977
430860
429489
392565
276319836
276308778
275531742
273519370
271782375
270768547
270717123
253621509
253471996
216288764
200772000
200771987
200771984
185903113
185821260
184913698
176522592
173401112
173360666
164379530
121715102
100382905
73632439
73200139
71682304
62330212
25000189
14813659
5052279
4362289
2385273
889764
533356
518170
506695
451696
435972
435971
433350
433348
277502410
276565795
276565793
274824918
271450258
270123926
261962546
247931435
222660253
195656918
186139590
185367170
184591840
183702836
177977596
152740750
140948052
136679796
62011634
48557723
46332532
42689441
39359916
28726912
23223334
22634357
20977115
20957686
566292
566291
566286
566112
566092
550066
535113
535084
483505
407566
403775
403727
276483224
276230318
274920908
274112710
274020576
272035254
263085305
261839548
254089549
253412720
249570551
77214396
46170493
11809439
7431457
5731915
2733013
2385281
1995037
566362
549824
540620
481213
481204
443243
435975
407558
391674
277347453
276675720
276418970
275346620
275338062
275007902
274875186
273927526
270715359
262934896
260795522
260795488
253057390
249807029
247898282
217577398
195666645
193450826
185351739
185262500
177829347
177368385
175105095
173418646
171696129
121032543
116030465
108130489
106208729
77665076
73408982
26598926
5743623
777397
777393
724736
650356
535133
483504
433349
276675737
275007912
274999630
272364553
271975852
271323938
270139332
263085346
260797992
258571244
253720695
215642125
215591207
215040205
215040183
196858157
195665620
195664845
185809276
184775623
184414933
183702479
181454047
181224696
177835825
167613745
115521147
109926026
100285142
74865713
65087788
36850680
22634345
9949534
6479543
818272
534844
484012
437749
403790
276425771
276327731
275588453
274917375
274188452
274112905
274073536
273968298
273666315
272983977
272249236
271089637
253059191
247938079
212463299
205229634
195541283
190502345
190502288
167614352
137410502
106208727
66636308
346207
346206
276291001
273803829
273690566
273678444
273166875
271497954
271090499
271089491
263863585
253070079
217577325
207317611
205241053
198436578
198269349
197062950
195526258
185925223
184833504
183726073
158868315
156193933
155568300
146224554
115691826
81939318
76838074
74180822
70665934
51506265
48557711
41870955
25208491
4439895
3840813
777413
605316
605291
525934
433386
275268266
275007899
274923176
274188354
273949757
273912566
273461290
270182307
258667280
253059901
253058697
248191506
222660239
215040171
205807486
204872086
201490689
185755357
183725549
181453853
181224815
177518919
173084283
160793351
155630223
154224345
152924357
116452417
104628459
98870092
65084864
50361619
22634363
12523097
5743631
1935089
777407
566102
528731
497523
277394609
276224229
274354607
274188408
273832089
273623282
273577772
273475275
271319861
263295075
252550199
242693588
215636726
212213008
208778425
197639037
196516210
196150461
195649392
192948950
177843811
177425299
160691635
111557552
92551689
91734795
91471509
73668419
62716883
42690043
10005265
6180597
1753103
568803
535164
525925
491678
435978
261962560
260795514
252184957
249610726
246065897
222723758
222723756
222660266
215590746
208118246
195561470
192950303
192950000
190502325
181224558
181224394
174256400
172362912
168110162
160814510
160793359
160691629
109776189
65034854
48557725
48557717
2664833
881076
277502063
275007900
273887388
273640980
273636707
271585727
270800657
267342781
263588960
262915718
260795486
260795227
254078593
253071257
253060179
248554122
247570845
246168067
242693566
215590683
210138349
208682478
208648869
192987790
186692964
185804861
185035524
183702139
182981128
177456933
121235676
116506899
115790151
109913410
109176859
74332666
46837050
10367880
1217923
625439
277168606
276807847
263208218
260795458
259512978
255388825
253119550
253071233
252040996
251744839
246163794
246161881
246160750
246160640
215635080
213691827
209349499
208739227
208643721
205223945
200719172
199541563
192987744
186690940
185816190
182980683
175526834
175105082
173183420
165686622
137440320
116143676
110023040
109958987
109910906
109134852
92551703
31658832
29348502
506680
275604634
275484531
274112471
273636028
273529457
273134246
272392750
271311926
270715543
261839552
260795524
260795221
204069149
202217611
200719166
186270907
181454001
177844643
177468933
169986622
166000442
155642834
155631143
32855263
430835
277347477
274112340
273694389
273479912
273475198
272620320
272140356
271995295
270715361
260795476
260795180
255317246
254078698
252550201
252406006
249114768
246162916
246014388
245977670
216354103
215725916
203945344
200719168
186744540
182131386
181453878
181453773
181224849
181224784
177308146
155624609
146274549
136482636
109980753
85375012
80877965
25557384
14807796
4439897
1935087
277394615
276474015
274875242
274188441
273980300
273818409
273463952
273348886
272918184
271326061
270703843
270550199
263207580
261005613
259310883
253444072
248619715
246162347
215591290
212463204
192988056
186457441
184495574
184314846
177454891
152740746
146271552
146271516
109962135
91273169
73668416
55552213
50322346
32901467
22634349
11809455
8299838
6469149
601611
437784
276851723
273773816
273541436
273166871
271100038
270103775
262916011
262526447
260795512
258571256
255389837
254086704
254078536
253059642
253059515
247778552
246162863
245977655
225243102
217535298
215635420
215634833
215591161
210878234
209298950
208682474
200010589
276851635
276233975
273585133
271246638
271234856
263585995
262972880
260795454
255430582
253681656
253627563
253062578
253005031
252872287
246162800
221229388
215591205
215591071
215591038
213860267
205187753
191500954
186271212
186236392
184614840
183728644
177817663
173015995
166156998
165998016
111362974
109913587
108831267
92075085
91298955
65084175
44812542
23462934
5743637
4890797
276363684
276327750
275235745
274112510
274073463
273725012
273519194
273258697
271975833
271245646
262526449
260797533
260795530
255349617
255317240
253148183
253068971
252178535
250073998
246163800
246162575
246161820
246161254
246160622
216354166
215591832
210878250
210276088
209905684
209902408
206331633
197899981
177496402
167615074
146224725
138183863
138181194
122227013
121610171
6414579
276424327
275589315
274932384
273887891
273374293
272984601
272394408
270717119
263646526
263294441
263045281
261005597
260795277
258667282
249001059
242693665
215591151
207566010
206334824
205523548
205506413
201088125
192948960
189264034
184415314
160691580
160691554
121528257
121235161
116148088
116029688
104272697
92905409
77627262
48557718
37749674
1935093
1617491
704676
449747
274992586
274875222
273960222
273867709
273687942
273166873
272842468
272349419
271579031
271578983
271326464
270785978
261005606
259515055
258628372
255317161
252872666
246159155
215591143
207566552
206334902
200032477
198521050
195664470
192838131
191410851
167614984
160796458
160691528
146272047
138183893
137478246
34745852
10857710
4439899
2001021
277416995
276191223
275007901
273690568
273689180
273624695
258667304
214584869
210964957
198858906
184101377
180851015
180850997
180399981
161245808
160793349
48872750
13852259
11816112
11510251
11510237
7775736
6180593
5845095
2592097
1524355
631389