273647491
271163148
269979232
269896437
263678720
262674270
252396371
215745794
183319295
183315332
183285289
183054249
182997249
182994620
173449722
162582233
147966014
96579234
96578971
83020784
77280707
73402795
73402727
73402706
73402581
73402350
73402148
73402009
70014171
56336479
11387836
11387832
11387821
11387817
11387815
11387810
11387805
11387803
11387799
472882
277437659
277437653
277347486
277346908
274969232
274968152
273647257
273175617
271164014
270135013
270135009
262658963
262466990
192870201
183288741
183283270
183251558
183250487
183058760
182996204
182976000
182975224
182971903
182969881
173450169
143006458
96589023
96579001
96575189
96553402
73402362
48756196
11387834
557540