274674682
274674510
274540534
274387490
274387478
274287365
274287338
274287334
274287332
274287323
267338967
262852632
197388056
195696951
191779042
183718460
117375184
109666024
109666022
109593826
74744278
74744225
70656388
70584660
70567507
70527531
70524368
58710084
57791669
52112657
49994460
35777516
25205424
5851519
2202937
436507
331555
331482
331481
317675
277460122
274387492
274287322
271296054
270994645
267342620
263099036
262852648
253350379
198285436
193101786
185612932
160402337
139989742
118522601
117374926
110126362
109666422
109666040
109666026
109593822
78907780
71043358
51422931
48552824
25202398
25202396
12302729
2447819
2377469
2209229
2208949
2208173
2202613
317681
317676
317670
317665
317662
317659
277460979
274142598
273313369
272559680
272532931
271296125
270502161
267340576
267339010
262852606
257925146
198285400
195665298
174533557
160268654
135553310
121337070
115749712
111030373
110997937
109666059
88043492
70565233
70543371
48755068
48457558
44605344
21113631
21113623
21113569
9993470
2499695
2361221
331576
318880
317679
317677
317674
317668
317651
51591006
51472780
21113555
21113549
7677881
2370987
2361211
2208587
523967
523478
523476
331567
317683
277593572
277461063
274675720
274142588
272532894
261994700
198285563
197652315
195696929
183732002
110126374
97631481
55289374
55286474
51470518
21113627
21113559
21113525
2202941
521974
317682
317666