277425002
277409853
277304424
277165894
277164028
277164024
277139821
276963510
276862285
276833106
276546963
276525618
276467797
276396465
276091633
275698427
275576878
275576876
274761877
274376748
274315608
273621275
273612269
271317275
251444983
235728500
192909292
187827433
182972777
111537689
111537683
74793313
51903728
50414368
38436486
19274771
17336364
8835161
2274523
997549
277521192
277463201
277396060
276960027
276960025
276861008
276583969
276054194
276051684
275060638
275059415
274053075
273822794
273476675
271218682
270883268
251448902
214490418
207841114
207398344
186290800
178475552
177924880
174037877
173943081
158641027
113530800
88917447
78015041
76278485
58957235
54053521
50884654
48543855
41493255
40824597
6766205
5087505
997529
545278
277554807
277486784
277470282
277164023
276836745
276830419
276828682
276750600
276566275
276479794
276423999
276286318
276280430
276098486
275158818
274919182
274554776
273719990
273552925
273385531
273346843
272458775
271950433
271121222
262477177
262455617
207398360
207398349
205942269
187827438
127077157
110448020
102887973
50269973
41492701
40824600
21031780
17016823
1517213
760251
274467657
273476650
272309444
252912100
252912096
248755011
203701749
201580268
199177647
197588247
193897099
177772638
161903419
157250483
57180817
57180811
57180809
51286826
48841784
43341584
43341578
43341577
21130350
17530147
14522406
13065341
5974545
4687529
4280013
1823525
277526094
277408513
276926519
276840179
276498772
276448459
276182147
276182111
275821960
275761118
275697212
275384567
273645225
273473861
273043890
271538452
271528827
263485140
262016106
254073695
254037981
251395989
197352178
195861358
194959718
190707678
185668589
178951731
174246442
148797469
122336562
110448030
104074401
22643187
17528626
13673970
3794199
2873383
2442161
1587281
277499684
277498378
277444504
277168577
276735132
276604338
276495393
276448387
276368698
276108849
275358546
275307615
275217302
275105462
273822780
273708371
273417501
263596342
263063984
262903955
249257140
248936930
248755010
219453408
207398362
199892704
186668993
174444202
173420792
170490622
135552441
76756195
58695341
53722909
46649781
17719702
15254915
13101929
550112
419336
277214334
277026745
276556312
276476056
276286449
275917187
275906344
275847914
275274580
274554754
203204618
196514273
177274890
174599765
171089968
153608283
108312683
90866357
79556388
55998430
55067707
55066557
54051756
25118135
24015376
21326550
13673968
13673964
2906447
2583037
410105
277457015
276929614
276887102
276649442
276598442
276045178
275892818
275671873
275585921
275583707
273621442
272421759
272402980
263948664
262605378
259568256
241666771
205858497
198495057
197636443
165023962
148866412
137563641
114730679
109488211
109488209
104309999
66461801
54377331
50275362
43986355
42460486
14746553
10120288
3024679
615837
541206
526329
437447
393443
276823233
276455082
275646237
274034580
272547379
271118352
262037780
246208032
217568419
200010682
197746037
196932362
193099634
185517194
175545179
173449196
173406524
173347862
165030727
157277701
157244552
145371819
130863107
124767708
114896023
87726799
55512208
38089864
37751167
36827340
27633936
21570198
10120976
4365225
2906093
2119903
845553
595476
379258
348174
276900563
276708938
276581069
276566281
276390509
276376388
276350617
275821962
275583829
275384547
275377998
275348584
274901226
274329363
273847918
273835841
273296267
272879794
262862178
165030719
161903407
145134954
107410035
59107043
54308767
49429499
48758682
46688343
35131239
11275122
5079359
1954013
913266
486350
277504769
277501981
277375977
277320349
276672152
276391234
276065791
275928997
275585199
274993851
274986426
274190760
274185276
273587023
273246637
271956219
271627979
255175062
215802328
215101373
206308058
194465897
192471671
188050025
174321415
164848237
163739576
153608289
137941244
131388799
128706959
109210225
109083922
46344117
44447043
20453254
14699293
14529483
13782194
12765697
277463195
277043443
277041330
276611892
274591201
274467655
274322808
274194349
274178464
274088317
274031155
273408731
270985595
252768806
246772885
187444114
182541461
177975814
145134946
142791773
140212762
102428481
102412533
97825974
81437618
77269893
73203530
56745861
51376704
50883581
50269858
37699909
35483256
24934161
16967912
13782192
11277416
2880299
2393625
394782
277540136
277519625
277426131
277023957
276623791
276187434
276067801
275802337
275606453
274560607
274254885
274145234
274057559
272450413
271063285
260794283
252862038
208436101
193601916
193109498
191914718
176789377
166359349
158812920
148600242
43109583
11855743
982037
907708
540385
277468770
277374571
276958148
276744418
276623758
276611864
276598444
276280377
276147447
276079625
276016573
275966866
274254483
274134071
274067043
273906531
272362109
271822576
263347836
263251682
251275654
249921297
246772895
214189311
207521414
202961363
201243303
197607044
193736654
191260641
185006359
164932239
157252253
146226229
137941294
106518340
51851874
42846780
37401906
3149769
277138774
276376426
276079767
276039602
276019480
275966835
275890294
275276456
274718949
274639561
274636881
273987188
273688297
273482956
273464320
272474152
271231136
270771723
263968851
263251768
262687687
262452982
251983135
242486995
208405335
204302356
199895208
195671021
193736650
187341520
187191368
170330629
148940393
113117512
73483761
37289747
10369452
1215273
423272
356297
277522445
277520847
277320347
276834835
276654274
276273585
276082155
276003421
275148263
275022425
275017861
274762688
274410693
273978111
273916333
273712498
273530065
273308285
273262519
263560232
261995835
208103504
201622134
197897222
195861346
193736658
180609942
170105240
161964702
158716091
137607916
127692473
79603006
77222077
73209893
276376366
275648142
275645483
275060581
275031483
274618817
273745450
273688291
273401462
272458070
271785055
271627435
270297854
263206744
262066005
252039152
249659363
249372913
248896525
247962765
247655749
247401667
242281379
219163417
208405375
206245878
201622752
198425373
196180778
195861799
185860401
172940374
172024985
160814479
150372905
134313606
113117513
109109523
277531216
275376818
274831374
274805575
273959646
273509194
273503456
273347243
273274698
273238468
273128904
273122157
272306443
272148824
271620645
271410512
270214944
270123793
263561039
251275932
242498239
242075251
202604465
201841929
201292132
200788889
200627662
199242682
197300977
195859297
179058530
176902015
172365666
167210783
153608286
125623373
104370281
6690759
641868
584777
276831723
276744427
276380950
275784634
275613666
275580250
275440079
275255643
274843635
274470348
274363951
274273447
273102318
272396009
272367642
272186888
271627425
271245542
270774932
260810296
258284715
252099044
250364401
247760205
224959061
206147895
193411465
192459724
188784319
186318174
176734427
127591449
127033030
114830477
106119685
55067711
21031760
14875845
11873727
428435
276548343
276379030
274544059
274462098
273835833
273446023
273372231
272582811
272407122
272306911
271627414
263702996
263639538
262887455
262512093
259568224
258284725
258284709
253468337
248652752
248133855
247448854
199126188
198127113
194033279
179805604
179063974
140376176
77323110
48889710
15174456
13941933
2879923
277214289
276849018
276814822
276379020
276368180
275748710
275626145
274526773
274164650
274112752
272068654
271627439
258284713
255466162
253660461
252766458
251275423
215221692
210524077
198523780
194033286
193224543
186317962
183250421
182735483
182115218
176731652
173577892
161539856
153409157
139501701
137966159
93374921
52727582
41072579
35355716
24765754
19761804
1725527
426549
277496925
277184293
276323636
275893197
275893146
275748301
273835810
273683828
273670795
273600941
273218015
273182758
273047251
272198594
271627427
271627403
271437347
270124048
257845158
247241465
242483969
208739587
208415555
201622315
200768157
197645068
197641879
194489344
190156725
186479842
176522692
168924459
137966224
129138600
109083898
53993001
51957710
51957708
48592470
1944329
276016575
275620984
275620522
275607348
275441878
274419276
273534851
273463758
273232563
270945609
262892038
261808858
258284620
253182552
249037022
213490673
208740493
208739613
207478628
206314512
205837940
205414637
201795865
197235379
195664463
183052034
179193959
177998604
166359321
153409159
127591105
122521475
120183583
33502236
10570561
276859412
276724224
276583225
276357221
276350577
276117851
275892814
275341709
275322431
274469847
274394601
274360644
274173921
273987186
273951862
273904644
273506317
273501690
273501467
273406077
273122201
273047301
263564253
262852682
253393150
208739680
201877320
201695383
194595455
193263815
193005871
185448046
172369675
148939873
128669692
127692303
116120076
107469084
78957098
35431502
277214283
276099264
275888220
274542356
274327232
273957963
273951849
273692861
273645251
273542986
273509186
272236772
271959179
271627448
271627445
271330730
271142867
270487483
270098847
262338127
260922626
215525170
201295815
199978740
197634550
197576390
194563109
190156339
178957491
171580907
159947242
158868275
125432106
77942768
67607077
49459812
48544204
40750383
34750590
21129050
276660443
276458490
276117553
275938273
275341705
274408151
273978224
273304903
273221757
272830289
272583364
272429137
272223338
271627399
271627419
271339532
271267102
270675222
262065991
258284719
251982922
248004886
225195098
213676655
201055517
195862615
192705722
185439125
184433823
176732395
37927340
20430589
8087401
646151
438454
276950389
275618957
275452433
275347405
274940678
274680914
274407326
274404809
274370831
274075882
274075880
273904749
273835839
273456544
273452869
273185777
272353474
272336077
272225624
271950036
271188034
270212026
263561855
263251679
262906077
262691918
262452980
260810133
252635523
235854914
213724098
212465752
174293276
134284776
114895598
85396264
59252857
42090209
37923057
6802475
277026972
276687767
276239744
275938564
275320711
275199538
274823497
274791528
274669591
274563602
273688287
273586995
273482948
273476065
273218983
272658148
271627431
271303187
270790996
263988419
263883750
249039221
230310757
215618309
215617766
197663396
197663301
195640066
195305005
194583652
186495597
181451970
149199270
85375647
43801506
39947851
2202105
1667325
521536
482247
276507519
275578627
275161796
274822861
274563598
274458850
273835811
273501871
273430273
273258747
273221447
273185775
272964556
272443076
271627423
270975716
270803372
270457304
270107033
194489313
194200486
193643177
184419699
181998063
87546490
49455422
41072108
24149846
2907277
277437158
277263978
277227703
276672159
276357217
275604911
274729468
273980884
272942051
272250263
271950677
263456911
263063923
262704783
262455625
260222314
257867894
253629162
253227547
249954815
247816498
243223699
217497088
215890843
213676746
202242936
199006640
192452786
179805639
178603835
178603815
178545066
176937704
176761068
174248145
172024868
166359327
140221883
24153005
4364909
277320343
277018594
275617766
275137689
274874884
274659433
274636565
274184234
274047803
273867775
273152274
271975803
271846166
271627398
271620532
270787148
253305434
251447947
249211745
248430476
213954012
204049302
202612857
200765444
198996078
197162131
195326022
193736664
193263854
165707868
129138280
127692631
125868157
96002434
93067626
55407407
35434730
34744490
21301270
10570789
277174192
275617754
275322193
275322084
274526781
274377239
274150502
274112369
274084704
273891742
273244301
272388697
270773688
269992628
263048892
253360325
249038452
247879818
247311440
215257703
209871119
209866422
208436541
206480495
205819905
205290069
198415774
195559349
193268380
183038032