275611835
275548158
275300064
274360126
274052988
273420966
272382619
271075574
271025307
270507701
262590381
243006533
243006527
205694555
199179212
197085807
191570167
175798782
175215027
174605343
172916170
163172708
154224185
154160976
137941626
84992108
72742666
72742664
62633904
24823006
23794632
13415205
3284615
3283767
3257835
2884141
2027779
714023
714012
656352
276633842
276589292
276488224
274046948
273676105
273624362
273366487
271479308
251984695
248773862
225957718
215051930
214915885
208273493
206331034
205694547
201580899
196483852
186752148
180318007
178031725
177056792
176897144
176522892
175950835
175210514
174605353
174605332
155287148
137432593
117926915
117926907
101498024
64979330
49066793
48035347
47504732
1080530
714164
650427
276859346
274107803
273420734
273420584
272110348
271585719
271516182
270807205
253321451
253321449
253284498
250549073
249861728
240639418
235735496
212323832
208273316
206482098
206331030
200851799
199975499
194368595
182309499
180848497
180320203
179233960
179233000
175214108
175214099
164437620
136483093
127031938
114945345
113528050
47504728
25423464
24984567
3232081
3232077
696181