277357556
275858444
275853510
275303862
274933687
274146224
274145810
273678395
271531606
270188895
253282138
252912090
252456572
241899722
208565593
208565585
205942263
194568674
192475873
191911711
178329685
176827864
171095756
116406688
70624657
67060006
52413566
52386283
51286688
48480352
48480347
27962197
22273381
10833326
595953
540818
531484
451723
416066
355287
276617934
276079787
275987469
274249160
273910319
273892319
273820055
273670830
272391438
270747326
269946614
261958943
248978325
248555097
230331737
208565581
205305650
176168253
174293713
171746982
171477383
163024971
146226509
137423755
115254292
68267309
34742895
21949090
12786687
12135747
11855448
5464731
828635
571332
554818
540815
439366
437217
431196
343864
275064849
273535940
263459247
262692749
258509069
253601228
253282179
253282173
253230859
251984848
248555141
248555107
242077689
230332003
230331888
230331648
217125639
217125592
217123732
216213283
209176454
207563347
202604285
186369349
181928943
181449074
177339531
177270351
173911195
68392396
53978570
52386309
46106000
37169512
22271216
7980318
571356
439184
396595
316871
273817488
273161374
272393030
271421452
270490087
270114578
270071868
263209029
253468613
253384122
248075104
217125837
216462259
216213426
209875174
206628999
204378264
192949013
189528704
171874198
163458963
159349118
137941390
124886890
117202646
115254434
99056453
41068985
22269761
20107881
14051078
6081047
954328
274171037
274019091
270145367
253232571
253230886
253230851
252877276
251267072
242077681
210515970
197218622
182477337
181673782
173566018
25188568
11310011
9870095