276231114
275694230
275609721
274869891
274659940
274639529
274565194
273252822
273027479
272255649
269952861
261801972
259482807
253097626
252161749
252004482
246168747
243804466
210154708
197951923
194861167
193395618
171821638
162096503
102757848
83178401
83162438
80927136
72082605
49722805
1207561
1197801
532348
403236
403195
402977
402909
402678
402450
402135
277585867
276310235
276310226
274587920
274113457
273880169
272126101
272035304
271979321
270881075
270768661
270657408
253236053
252246709
244301812
243783862
243718684
243707263
219160932
195469968
194160740
190455210
181782951
149520459
143787016
105071706
85400267
80940141
49180946
35231232
4759043
1197799
1197797
532341
402872
402868
402770
402670
402463
402091
276157613
275805992
275543475
274852511
274455777
274170851
273951284
272482166
271590839
270846632
263770900
263063955
262692284
247309886
244302102
243553559
217350926
217350037
209400770
200920801
198240114
188998063
178579398
178575620
177732639
177713176
91835951
55551538
684749
582504
533049
533012
403250
403234
403209
403203
403011
403009
402866
402055
275232176
275232014
275231376
274777840
274085572
273291948
273136011
272462752
272453003
271216800
271103388
270470188
270435209
269952767
263272752
263266385
262551562
261971883
252679670
252165891
247843143
244303492
244301490
243591912
222723449
210125264
209399038
202529659
198272399
124638251
78905870
5490581
1197803
277717006
277555365
277376015
277031133
277031129
276802456
276484626
276065428
275623425
275478947
275290592
275231672
275231253
275200204
275056310
274587388
272318559
270469826
270442148
270296320
270115685
270075240
263100513
254139138
253272134
252528997
252160587
248209285
219156902
209645379
205506555
195998956
194865902
177774725
78905981
56538278