277412901
276798563
275679080
275459704
275197416
275197400
272468720
272113520
271410902
271410883
270878149
270206001
258752393
242233640
227139936
217734330
215101621
213845667
213845619
212256891
199597446
186875714
176230808
140309026
130043232
121228586
105614588
101702897
95295876
87520943
87151652
55804542
55797520
26614162
23634874
2537837
1227789
1013180
895418
466493
277356152
276860410
276798552
275686863
275679082
275615484
275615442
275580210
275580201
275551567
275512045
275197421
275197405
273177901
272036395
271410895
271410891
270878147
270845573
257835790
212256900
195284066
194958658
188907044
169380279
125508957
103475407
102133626
102133619
101687518
87507680
87485418
87293280
73207626
72314872
68668916
29357784
25980798
7266567
465075
277574075
277383060
277383024
276662701
275849682
275616648
275615452
275551582
275551561
275148360
275148354
272446436
271410897
271410893
271410887
270483808
270446754
262674818
262674735
260451918
257835788
253413799
192951541
186874517
171652270
132833932
123442440
102759939
102137068
97816753
97517220
95295538
73207630
72314868
68668918
68668905
2917621
2435709
2305849
1537209
277382964
277357236
271410885
271410875
270878145
244177811
115247138
91256413
84873919
35452242