276642084
276354293
274917801
274101292
273648576
273551273
273551271
273156639
271654035
270799834
263988043
263988041
262860187
249664341
249664339
249664334
222658854
222658850
222657900
205808628
203084099
197738774
196292006
196291938
190240560
186369558
174608116
173477543
145144952
112058114
109633951
105231167
91832954
74451263
73102465
56189702
53258542
50904592
50904584
417834
277008732
276857480
276354282
275504851
274991519
274968350
274946281
274863823
271038516
270684095
262860193
257779927
249771947
215560752
205537671
199970393
196932347
196291968
196291939
192948744
188535328
174607985
170184306
153095140
152205701
136060406
113494147
106693398
105231136
102807948
92057872
90321256
86417971
58709027
57694076
20918798
5490923
2732717
418936
354861
276912189
276852045
276685009
275076618
274823558
274635493
273670784
273551263
253475494
253468341
252135718
206145321
204771720
204771696
200976598
197588249
195961278
191630417
175700902
125089582
107010424
106348832
105231144
105231131
91832864
74408261
74342174
51030711
49180343
36590806
25001324
20559137
16422596
4701013
2802023
2732721
572597
431475
418933
418927
274752328
272254952
271660795
270711516
263389179
263303997
263078536
263078509
262860191
252892457
252755651
250230497
216360785
205506337
201687276
196291958
196291953
196058131
196058115
192948964
177145392
146272058
135612974
94597186
94597184
91832843
72512800
51348545
32431459
20918804
20918800
795498
643021
629596
448880
443593
418983
276957606
276329424
275707238
275018466
274895494
274417245
273045911
273045902
272254961
269890615
263964612
263562422
263082590
257769792
253468309
250230767
250230509
219460684
197588267
197588259
196291984
195129479
192949459
192948877
175701003
154862145
146271799
100285170
84872552
73521905
69324812
58903229
58903227
58729301
49180362
15267880
651409
469947
453868
376192
277450686
277344193
276555926
275707183
275707174
274863827
271817138
262860188
252884385
252389429
222726379
216001266
207811643
207646032
197897268
196291952
195961266
195623883
195133690
169818284
169817897
138934617
135626588
108957038
106348807
87632218
73116944
71078803
48592476
47447706
37793568
35445730
20337483
13624102
5503739
1672715
795490
439286
417806
365840
276545471
276251677
275986840
35862121
25000342
21031337
20337445
16422545
6009943
795504
482203
439971
350252
276965761
276957842
276382676
274471500
274444684
274195853
273832099
273663303
271660799
257846456
251983686
216360786
206482284
204473102
197687469
196579466
196292074
196291942
195624209
191808111
180749910
180749714
178240543
177703740
137131155
136482459
109998056
73521897
51699276
2732723
2297583
795506
764032
482322
435704
418926
417823
410068
401006
347969
277344187
276896490
276556002
275707184
274823568
274028431
273046025
272392686
271963852
270107315
269951278
263209830
253468317
247938897
242411313
222657902
216001249
212484683
204771678
202851080
196292076
180850999
178240496
176080825
169818756
169818288
159486219
138934615
136482461
110204557
103864836
58708793
58413494
29820854
19712576
6822343
6822331
2802021
2297591
431477
277412477
277344188
276527975
276251701
275967327
275849279
274853924
273868766
273670774
273385607
273341096
273341094
271516195
271384176
263988039
263240200
247327586
247327583
204771740
204771688
201687281
197588263
195624208
188409167
186745474
178954980
136482533
134222579
126852917
94887011
270052401
263102297
259310962
248004857
247935769
196291966
195624215
192949508
180999702
176168567
171580708
146272372
138333766
127478020
127197621
117374823
116972205
72850932
67041060
29820845
23209112
19732646
1735669
1672713
431481
276119239
275037105
274823538
274728381
274553831
273046059
272255412
270712310
270704223
270107270
263972187
263077809
249778323
248880721
222726392
222723690
204803666
204771708
204416885
202242058
194451723
194451575
176168569
174606547
174606461
173911161
163021180
153983046
136482298
108957065
33368669
11353611
11248158
8951050
4257521
2174043
1651945
506944
475936
435700
276680897
275746535
275695201
273569086
273463766
273378370
273341118
273045977
272392501
267342771
263207773
249771956
205810057
204416935
203084352
197588269
193640430
190502188
188409041
186157560
184283255
183538751
176080821
170185869
169818436
145145008
138934624
138934622
115773015
115246661
106966849
74307101
58729293
58085887
50724074
14502493
2077359
506950
418920
365862
277344770
276802088
275747211
275077413
274626264
274613946
273670938
273400800
273135683
273045877
267340220
263209225
253293582
247722518
243034762
263206680
262736403
251460649
249688448
248468040
248004666
215555744
204771679
198591877
192949506
192948875
190844161
184282911
167019818
153124241
91833034
86418059
76454292
59597447
58903209
31970497
31514611
25979979
20918824
14502481
2537145
631551
370679
276949998
276938611
276478672
276165602
275916489
275738445
275077316
274895415
273400963
273135625
272254984
271607186
270704235
270123715
263393716
263303903
248723254
242092376
212323636
205807419
201693196
196180812
195624235
193976659
191808387
176522823
137499165
136482132
111747970
103114599
95226201
74342180
20918814
7366333
5722041
2882663
505378
482305
417859
376038
276951858
276178364
276159453
274872689
273832103
273551277
273046049
271135819
263680494
263208584
263101421
253444096
211767578
202851070
192950315
185006480
181808907
178831694
177703667
176080928
176080847
146272589
146271613
146226382
146226361
146225324
84873158
82937017
79449981
78905629
73147525
58903213
31515234
6641403
5722065
750372
418943
418924
402838
350250
277516099
277045189
276836619
276611832
276353823
276353441
275849285
275398402
275144131
275066193
275061785
274872667
276251675
276077147
275842106
275584372
275079612
274991078
274445067
273689204
273385636
273385224
271948706
257844807
249778315
213301556
209176039
206605640
206482297
206482295
204878399
176522960
147570621
142417972
142417938
126852835
114905417
74342176
73321182
64642321
55478045
51664121
44433392
44433386
2882661
2882659
499928
418941
410045
366516
274597717
273393444
273341108
273135755
271817168
270107266
269946748
269946702
263179425
262338117
249038680
217500626
213301516
208778519
204803621
204803607
204771710
204473110
196058129
192949771
185851621
163021247
163021160
110204724
109186942
84872555
74329909
55284172
55282030
54997681
52699761
51348616
31514489
29820864
29820830
20467573
20332483
1672709
453846
383740
276359593
276163679
276103928
275915731
275079773
274945961
274917803
274020539
273870869
272497418
271100780
271039948
270704375
262779867
252135660
252035383
249771929
228984873
217441299
209379541
183570207
180851253
178240504
178240463
159973433
145145050
136060417
126853068
114895999
113045757
74571942
74569930
59202393
2537151
2537147
1672709
795494
795492
376022
370990
276957959
276250629
71682248
58903218
58708285
31321163
14502395
2054071
486719
454233
443626
418937
276957974
276937655
276932635
276381649
276317345
276290019
275868814
275552666
275399026
275076593
274823492
274526230
273663408
273304801
273135810
270708703
270704221
269951647
251395020
245782679
206605557
204416913
197588251
195624225
180749716
173854400
132883546
126852577
126852238
109765194
91833103
86417784
82936893
29820841
19274878
15268299
14169767
2385175
462156
417722
276952163
275849387
274872681
274872643
272077065
263077805
262780928
262662814
257868035
247567265
209379518
208778515
205973422
204771706
202961337
196180840
192950408
192949782
190502190
186369333
178777116
175700758
171580997
163739572
146271877
146226371
108280512
95220744
58878409
55478049
51699281
51348671
16828334
2174053
729382
651408
470371
470362
431634
418947
277253664
276589415
276073975
275738254
274950440
274872669
274872641
274549146
274118100
273901405
273456804
273304789
272391872
263118903
253040763
212324433
206605616
206145431
199969338
198127395
191808248
146226376
142417947
95220738
89208866
87632505
51844879
38110397
20918808
6546933
277167679
277131871
277129058
276715859
275917984
275806040
275143590
275079762
275069040
275041749
275038335
275038085
274947326
274445089
274445055
274444999
274444673
274348760
273609984
273372211
272407208
270745176
270717235
270711528
270545612
263115281
262785447
262676819
251772809
251741558
249938223
249347942
206482174
206360986
206335341
206335264
205574079
126852765
126852542
2227579
277313309
277174865
276712038
276657676
276653451
275697982
275697914
274953948
274918028
274445018
274444912
274444708
274444640
274444087
274064719
274064715
273610432
273363956
273181968
272963854
271379628
270906918
270704180
270682786
251775040
249938275
246208088
222726381
218745264
215556561
214731984
206334944
205696912
196291972
191438200
188658185
138323592
129666101
126852579
52809584
277525818
277313156
277172175
277170082
276860364
276653901
276653807
275377747
275218781
275145085
275144179
275069858
275064806
275041643
274991608
274950403
274918020
274917390
274682593
274323170
274118084
271359583
270715390
270189169
257845339
252392137
250602906
250362935
246208344
246208333
246208303
246208030
215556362
212324406
207643957
205697068
169818763
14303641
417847
374130
273461814
273411308
273410153
270714779
270182479
263964646
263677397
262043925
205973420
205697191
204878408
204771726
199595941
198285112
191808392
165626686
146270649
111711676
111107382
106349456
102708362
96616526
90866060
77627235
58992127
50322456
39357824
21031347
11353614
2882657
439321
274823552
274823527
274195841
274096587
274045014
273304799
271541952
263101012
263098889
250230845
247448694
217897263
208778463
204416893
204416881
203843847
196360971
192949814
192948952
186567751
185851655
178831656
171581135
146270192
146226359
110677191
96927740
84872787
83749264
77627227
77328448
71682235
58991937
58708563
39523309
29350586
21031333
19523114
17587126
384553
274195827
274045040
274045024
274045016
274020541
273699753
273670870
270253648
270253642
270107357
263677395
263677375
263370012
263304029
263207593
263100982
262078167
253444116
217895696
206145415
206145240
204803600
192949874
192949435
186369230
160836745
111107375
105231458
87632483
74542796
71682171
58992071
55101313
52699763
51348593
45358910
37793654
25980253
2783089
1724657
274019122
273670924
273670902
273670854
273304763
272305905
263370006
263179471
262451683
217899384
216724609
214730926
213936021
211309384
207281042
202243076
196180876
196180874
192950380
192949336
177274831
173477533
169818068
151950554
145144844
115967761
107409634
77328494
74371344
48592464
729392
475942
277286310
276952146
276951973
276178374
276159503
275951273
275068503
274945953
274945938
274901214
274597687
263102371
263102334
248703269
247567087
217899305
214651509
213936143
213936054
212484641
209379549
207281078
203084154
199969273
196021574
193976661
193640159
193497506
193493908
176080827
173477526
169818048
169818024
169817926
151950558
111107721
56189698
5821361
440318
348054
277531545
277383537
277313179
277280255
276861315
276860756
276860540
276860374
275842430
275806165
275707230
275707198
275044944
274950411
274918752
274563092
274445077
274445045
274444949
274444923
274418358
274418286
274372031
274118106
273689563
273689416
270478970
269843704
250540492
243035131
206376070
205808609
205807417
205696914
196292012
113634131
108280526
103865013
90798791
2297589
277403400
277133416
276727719
275492904
275076429
275064818
275064814
274953952
274953950
274918754
274885826
274173491
274118116
273695697
271378875
270716253
263352513
274028427
273730979
273385621
271246057
270744251
252135734
252135410
251773366
249347895
248880701
248267231
247992439
214814514
212326027
207646038
206482196
206481112
205809583
205696916
205696146
137250795
136483072
110681815
107707017
65472204
58853896
277523493
277171687
277135135
277045327
277031159
276846569
275739227
275590648
275590646
275041784
274950415
274713763
274547541
274418201
273921386
273609868
273214545
271245797
270715385
270711242
263387601
263294358
262817047
262734977
252389424
251773499
212961162
212324233
209915439
205810061
205704769
205697135
203216168
167114227
139294247
121220657
105739603
86418002
11353617
2385183