274676714
274676532
274676067
274675385
274144095
274133695
272438353
272432292
272431618
272430752
270058083
261798584
252583655
252581778
252581671
210514110
210514065
210514042
197620709
197530414
197530404
197388083
197388081
196220841
192951400
192951171
191144410
167833564
131245609
116877787
110126352
109878795
109860537
109860532
74451703
49378815
2208267
2202735
2163105
519825
274677337
274677116
274676388
274675081
274674098
274673511
274672949
274672882
274118506
273302357
272439426
272432925
272431562
272430935
263097779
263097668
262904813
258666899
252583819
252583609
210514114
210514046
202961972
197652448
197652404
197620711
197530416
196220994
192951229
192951213
192951191
171653833
131245651
122273748
122273577
122273560
115966466
115966287
82387582
74451590
277411060
274675289
274674868
274674282
274673811
274673730
274144112
274142830
274133813
274133811
274118653
274118649
274118494
273307556
272430890
271444168
263097774
263097670
262859983
260798172
253393058
210514131
210514053
198102638
197652376
197652317
197620729
197620554
197388163
197388087
131245639
122522022
74678204
74451720
74451701
69838772
55286932
2207659
2202829
490093
2163315
2162425
274677317
274676478
274675952
274672953
274672884
274143662
274133693
274118651
273306095
273305850
271288753
263098993
263097676
263097510
263097503
263085367
252580522
197652319
197620738
197620695
197388099
197388089
196221002
196220990
193128744
192951271
192951181
186691719
185860530
122273661
122273562
122273518
122273511
109852119
74451870
74451705
74036097
55288357
55287802
45164257
274677938
274673006
274672940
272442843
272442622
272433249
271444151
263098539
263098500
263098461
263098105
263097855
263097785
263097486
263097477
263097212
262905380
258673195
258666932
252580151
252577246
248789417
210514061
197620611
197530452
197388129
196220922
192173975
192173961
122273643
122273590
122273570
115966573
106996572
106349786
55288382
55286486
55285158
53806129
2163341
277406617
274674930
274674470
274673931
274673405
274673389
274133653
274118492
273323914
273022584
271079434
263098490
263097461
263085373
262905048
262784743
262784323
262783567
262748074
262068280
260919358
252583569
252581299
210514090
197620705
197530410
197388153
186693752
143226349
131245669
122521919
122521879
122521812
106996582
102132965
74678020
55285138
2248683
263097182
263085418
262784439
262784392
262784052
259485196
258666883
258637677
253132860
252583143
252578223
248789421
210514127
210514055
198562404
197530450
196220929
196220924
122521739
122273639
122273575
122273572
107004727
88046408
76152818
58710403
2499547
274672947
192951505
55286081
41084741