273279416
272415061
272414755
272107835
271095649
260040917
254859563
254859516
217180708
174510701
167613418
166447178
162507410
159095573
144178185
125240714
125240713
125240688
116986603
116982171
116746404
115765647
110585237
109010839
106063719
102893964
96303494
95090315
91773640
73724942
46578733
45217221
45212802
20856979
16854747
16854211
14875028
14022995
6706735
42312
275706532
273881008
273880984
273880946
254859502
205931260
203904901
164937174
154176776
116747370
109010585
109010580
50725010
43812129
43812124
43812110
42262574
42262572
41404992
41404986
41404984
41294551
41294518
41294485
37698690
35967633
26756569
25207931
25206565
20856955
20856942
16854882
16854686
16854231
16854126
16853951
16671778
6911317
68313
42278
274125967
273880924
272111997
258219394
258219130
258219114
196394873
173030952
109010981
42262711
42262595
42262562
42262554
41405006
41404990
41404982
41404978
41404976
41294582
41294580
41294570
41294542
41294525
41294512
41294493
41294486