276654782
276248113
276048672
275863384
275809825
275005518
274385023
274385011
274384890
274384877
274143697
273321703
271311777
270134908
263207828
263099042
262730817
247346499
217515529
217387280
195472287
195283760
193737138
191781283
129662382
77222585
50126156
35777567
14965759
14959629
14617224
2922181
2613117
2016279
531743
518274
424851
421275
421232
378848
274865285
274676760
274673008
274540519
274420655
274385017
274384884
274287373
274142242
274118330
273303388
272916130
272558552
270502133
263207765
263103112
253432001
198495251
195697007
184781889
160402426
130295402
129770969
129587671
121394287
121233916
109945662
55285774
48983911
32222291
4319095
4301709
2848367
2613097
2530795
2057529
707400
530874
416307
367083
277561925
277561894
277561879
277561870
277561833
277461069
277427687
277427484
276861176
276603803
276048694
275005480
274673075
274143166
273323495
272532985
270134898
248789425
195697058
195696989
195696981
195283718
193101650
192951414
121635442
121063725
102133070
54513276
46755221
35869541
15673410
2502993
2499807
1384873
958366
953424
518251
518074
517469
424728
277593834
277593762
277593304
277593212
277593026
277592880
277592808
277592747
277592740
277592581
277561939
276603412
274677469
274677367
274676281
270502189
270502139
270502127
263115380
262705765
198582995
198495232
195696919
277596700
277596616
277596557
277596555
277596533
277596519
277596432
277596301
277596275
277596255
277596113
277596090
277596064
277596043
277596013
277595947
277595931
277595909
277595888
277595577
277595540
277595462
277595289
277595208
277595120
277594810
277594488
277594142
277593914
277593782
277593229
277593152
277592852
277592828
277592718
102758499
101871018
101870931
53806192
51991139
277594916
277594370
277593286
277593262
277592980
277561907
277561887
277561839
277561835
277561824
277561815
277561805
277561797
277561755
277534939
277427144
276962723
274284287
272532913
263450802
263450686
262705701
262655374
248558643
195994085
195472327
195283722
192951163
184801054
154010484
129662396
121635204
121059194
74828838
50078316
35869543
35777584
14617239
4426443
2465245
277596676
277596609
277596413
277596179
277596143
277596138
277596084
277595978
277595868
277595843
277595565
277595554
277595472
277595406
277595272
277595206
277595155
34752191
2613125
2613101
277596561
277596453
277596445
277596153
277596105
277596030
277596017
277595939
277595855
277595693
277595621
277595560
277595546
277595362
277595152
277595128
277595070
277594928
277594784
277594456
277594382
277593894
277593822
277593724
277593712
277593420
277593158
277592964
277592846
277592838
277592788
274673085
274672932
198996371
195697009
195696931
193109454
192450778
55286509
51991152
277596595
277596119
277596015
277595452
277595212
277595006
277594939
277594884
277594871
277594472
277594420
277594378
277594365
277594358
277594335
277594296
277594267
277594244
277594204
277594173
277594025
277593989
277593958
277593925
277593791
277593722
277593343
277592990
277592750
277580584
276048706
275257576
274673561
274142236
195472341
102758205
50247585
2043987
560363
401812
277596664
277596633
277596589
277595571
277595523
277595483
277594988
277594914
277594858
277594484
277593952
277593900
277593784
277593679
277592974
277592942
277592885
277592684
277561799
277555632
277461016
277427157
277352117
274673668
274420704
274167447
274144019
274143700
274142238
273320866
271269808
270053005
263179522
195531181
195482707
121636205
121064314
277592918
277592798
277561937
277561923
277561785
277461073
277427163
277370272
276826195
276699785
276604073
275970944
274745902
274673037
274453503
274144029
274143135
272532917
270502183
263083125
262795622
209399384
198996342
195697025
193109450
129589492
121065545
111153150
77222381
74569756
55285756
52112601
2499577
277596654
277596613
277596535
277596525
277596497
277596421
277596400
277596169
277596162
277596128
277596117
277596103
277596025
277595871
277595572
277595486
277595457
277595426
277595370
277595234
277595055
277594994
277594970
277594808
277594504
277594397
277594253
277593942
277593868
277593302
277593170
277592888
274677172
247902535
198996369
198996151
198638349
102758520
102758400
102133157
277596398
277594935
277594911
277594904
277594780
277594430
277594417
277594386
277594339
277594270
277594260
277594001
277593810
277593796
277593334
277593146
277593139
277592848
277592742
277592728
277445656
277427321
277427135
277427111
276542304
274677890
274676454
274676240
274540493
272558530
263057071
200976879
200976697
195472245
193880661
121233987
121065835
116189173
35896679
954586
277596668
277596284
277595853
277595442
277595015
277594893
277594864
277595236
277595102
277594974
277594457
277593997
277593744
277592924
277592804
275941867
263208135
101871863
88809747