277410827
277351703
276716751
276679818
276123397
276123371
275876019
275229099
275228942
275195051
275107743
275031051
275031026
275031016
275028844
275020854
275010893
274587536
274587374
274583555
274544116
274498039
274471047
274453966
274120233
272107697
270859193
270859191
270859161
270859137
270541387
270394961
248906057
248904753
161395963
114671480
114671227
101273314
85096490
8357980
277553676
277353073
276739412
276717996
276653733
276637635
276196647
276158466
275876017
275229258
275028678
275020994
275020975
275020827
274779656
274625459
274552520
274551275
274529574
274524795
273313412
270859729
270859185
270859169
270859163
248906501
248899406
248898920
205966312