276504695
276396899
275124275
274966657
274599407
273344095
272940999
249145309
217180837
216198496
212471305
205814290
205814271
186470437
169111385
168956160
168929074
160270292
160269542
160269171
154184718
111059095
97922167
97922141
95052656
95052557
95052464
83021067
83021019
83020774
82006011
77328988
74452036
65592622
58963727
23832820
23641442
23404417
633113
160446
276246808
276246530
275628455
274988665
273683692
273344083
273331251
273274796
272990664
271947075
205814342
185977067
182969672
169381676
165968883
160269621
160269439
160269314
147977423
121172741
105231886
97467501
94904389
86628775
83020790
82003908
75656037
73492939
33456845
29357700
24914294
23299701
20480084
14694525
14295096
457433
454245
349135
162451
162429
275677402
274004482
270988633
205814554
199946482
199241966
199224400
195875396
182969669
171258331
168976163
157824830
141014105
121798988
121172938
121172191
117194133
116018583
114230497
112171055
103866939
97454616
96578087
96554389
95090873
83020773
82391434
82390431
82226095
82008161
75655934
72944570
68124617
41877077
41876459
31519403
27578667
26091438
23407273
792508
195875451
195875405
187837044
171258306
171063481
158189102
152753938
119710500
119710394
97499542
83020975
83020723
82389417
75405589
68124562
68124560
51121054
37152425
37152240
36711075
25207681
25207647
349133
277510088
276548234
276307667
275551580
274966010
274960672
273664102
272337635
270053641
262674934
262674737
217180667
199952964
199952498
199944606
199943018
199942436
199240956
173674367
158623826
157824778
153821684
153589578
153585034
152530061
123442149
121172825
119709735
116018331
96555462
96553736
80960549
75656054
75405595
41084885
37152211
34708933
26328971
26105010
25206753
277509591
276436321
276246620
275685056
275551569
275551562
275001858
274956674
272200393
270425255
262674286
251754917
249535397
248648040
200804493
199952368
199951962
183376077
171590005
169380594
160269057
158623865
158623847
158207137
157824766
153585008
152829422
124041016
96578093
96553639
96553519
76251919
68984941
50322841
48005581
37795037
37152579
25206750
14696434
12383117
275677205
274004486
160269664
41084848