276869404
276847420
276847407
276493078
276437076
276327348
276290975
276251671
275822537
275610644
275610640
275610636
275610632
275610630
275083448
274449659
274449653
274449643
273688798
273441108
273406167
273384706
243097451
164465446
146498460
146494786
127302570
122949021
95249982
72020701
67238764
59081962
22535544
22534471
7796382
7677922
7625190
5804135
4632455
547570
277511800
277511770
276900889
275610638
275062136
274885366
273445728
273372408
272351543
272185772
263453320
262458192
216297861
175212167
164483859
146490876
125095570
125093585
122948941
99332022
85184998
56555403