276845615
276845536
275671416
275335945
275332927
274441170
273715155
273669648
273624456
273471629
273414007
273326065
273179942
269979441
248293619
225197273
205522891
204631110
203774769
199251668
197775407
189337720
187063248
167521708
154720550
151432373
108940903
108940769
108939393
98084695
45606492
41574074
39366956
33405066
24489751
22984359
12201552
7858350
6498501
978101
276952485
276845768
276375141
275335218
275332472
275091510
274194021
274193989
274172369
274098637
274070850
274041889
273546472
273476412
273326077
214789570
205008671
205007746
200711342
199532643
198930259
197724407
197214828
196425405
191267177
117352610
108942532
108940787
108940324
108351336
94230404
83398012
55724593
48484714
41574117
6762923
6498487
5995417
4502893
4502657
276846397
276344965
274499186
274449569
274099713
273937336
273935357
273894406
273603054
273387475
273326085
273326069
273183450
273167254
258897669
248802204
247657726
241942185
217424482
206145552
205614395
198572232
195902511
176583638
176583050
176582698
170776734
118261332
115872516
114217322
83398272
67061628
20932524
20600294
8020262
6498483
4513749
4509687
4497451
4497445