277603479
277555073
277554885
277554864
277548771
277544825
277544785
277544482
277544476
277544454
277544255
277544113
277543861
276643566
276637608
276196300
276178372
276178274
276156404
276156265
276147826
275702023
275229067
275218783
275107781
275106499
275045151
275002201
274118670
273392084
272848461
272035525
271132245
270682698
249866462
154002034
149346888
103210071
561024
561023
277603319
277603313
277603294
277587805
277574688
277565460
277554849
277554821
277554797
277548693
277544961
277544957
277544698
277544691
277544672
277544668
277544657
277544504
277544272
277544204
277544059
277411112
276653636
276653536
276641522
276178362
275570135
274804709
274795246
274625537
274089107
270682834
263440365
222723777
212425704
205827566
140331211
102133118
4682601