276291459
272962574
270111606
262674571
253248158
247903513
194086903
171063517
149125924
105614547
96556097
93211213
88209328
88206691
88206465
88205783
88201553
88197182
83020800
77223335
77223313
68124470
25039762
10073893
2028829
2028785
2028681
2028555
953897
953893
953891
953889
492887
492885
466215
466212
466209
384451
384448
384429
276246836
275677508
275604993
263990487
262653837
262087171
251983855
249219751
248649002
221517223
221032142
207292171
199103154
183338524
183337841
173450155
173450011
173449764
169381109
163148412
154184710
117375216
106236972
103475319
97480588
96554372
96554346
96547478
82006801
77223280
77223279
57838474
33456868
31518813
23410451
14761676
2028913
1711601
953895
557537
277312846
276493117
275541792
275432737
275431921
271303370
270542022
258861517
258857908
258857843
249220005
249219927
249219895
249153106
248648541
217500676
217387963
199103478
199103312
165024068
163148292
163147406
121228494
121172337
97502054
88212416
77223289
77223284
24754875
23936969
1994247
953899