276900136
276886129
276834434
276462732
276451415
275928713
275782190
275105095
274826887
274607551
274404957
273448677
273355903
271223253
270677758
270504783
263372285
263068035
262646235
215136656
212992705
197584816
184781428
158019964
158019962
144934447
106362701
100931414
83607353
79006318
49910019
47161889
42459036
16391543
11413606
4080373
750555
541167
426595
377644
277249949
276506936
276139258
275874856
275704202
275503303
275195009
274744697
273448669
273326851
273246355
270229771
263209508
215991146
196382208
195801298
193433616
181922750
181233138
181122315
158762506
155370834
131497044
97957715
72687656
60863041
59258215
49179909
47161879
34844290
22652986
20737986
20642861
20276181
13853023
3236901
2805823
556402
461974
399804
276452133
276389332
275623770
275022969
274948226
274929155
274735478
274735411
274634504
274141007
274064216
273448670
272267675
271585789
270233586
263629872
253284508
251547350
221223550
194104226
190553923
168559524
153922899
146272620
109960224
92551564
77149793
74859414
73633328
72330202
40752446
21391590
14079682
6879027
3953475
3737965
3236897
595978
573648
569435
197695116
196283482
178483014
167019525
138330244
138214319
137430449
108684590
93862443
91343890
86532014
74571946
54708694
53918589
53825966
22532930
21176617
20737988
9813132
8312020
7886701
5829059
4060907
2213663
1559495
890172
650540
276756347
276652097
276652095
275267086
274536367
273744606
273553575
271494876
270700125
248591399
242835313
230204884
207563624
207284582
205306436
197535080
196382244
192722093
186433820
186292235
140635229
137424024
115897817
106362565
91986489
72206749
63448528
60833234
54380452
53275216
51833338
46626771
44627534
36313939
19665444
11220291
10833322
2823885
1559499
1559493
277544281
276922054
276078380
275747271
275376876
274088277
273057826
272301570
262646247
262646206
253281115
221230154
221229404
205018812
192883058
180962418
167613907
127032079
110820113
110267727
96029776
92504512
91984910
89793158
77230261
72513195
64988210
46626761
42404942
34956712
20704715
15181635
10315142
7005613
4440569
3954343
2473627
1736715
597440
538815
276834506
275863390
275697599
275566909
274028661
273868752
273847923
273413920
272979517
272254689
270734894
270120721
249780113
195526543
194583050
184243094
180723626
179175784
172923161
162259631
141999012
123447231
114275091
100931412
82996524
73128382
68145967
58958172
16860725
15302876
557305
467017
436533
276920108
276649506
276480445
275520331
275083908
275079337
274058632
270058313
253308223
252138279
250228881
243059320
242505006
210277396
204941433
191808014
187954726
187315757
185685733
185449241
180923145
176825475
170345816
161207819
110691464
102075266
99046098
82704410
77965592
67690801
58615518
54672660
53609073
50784535
32546892
22552646
10706180
8312022
685853
532003
277541340
276931155
276927612
276767322
274597677
274417209
273654357
271999130
271628564
270145062
253237282
252357169
210960253
210277807
208643361
204880989
202012072
167614821
111256765
102687651
97820566
97545382
77220886
65472224
45613717
42407206
37157427
20915882
20737992
17016833
16158716
14143678
13527009
11446557
536003
533019
525804
415686
410669
394047
276496260
276120893
275572545
274587869
273613265
273523214
273407305
271223011
270253340
254132233
248679652
222655549
219144646
197587895
196515963
196382196
196029843
186299623
182295681
178231955
416603
277397215
275128293
274920853
274826867
274719686
274393778
273880053
273599971
273520461
271435214
270708345
263100944
248591405
222666162
213681810
209332784
206840670
202780428
196855519
193670592
190755951
185709190
178000246
171470268
146077313
143146958
138182932
120183837
108241197
85375649
55505578
49640977
48480453
44888850
40849479
38115061
33519532
14859110
10116851
408916
277499728
276774384
276430526
276098329
275611941
275423406
274911086
274597698
274058159
273929271
271430772
271118295
270715534
270510294
270478364
263264199
262908210
262756200
261813069
253361072
221232714
207354840
196305161
193701980
152483969
101995192
70844539
46789757
36996379
22282103
21663652
14923951
11336596
10282012
1559539
800672
787638
560132
491556
446205
277465618
276922216
276754997
276481854
275569270
275339089
273713506
273604398
273419051
273394092
273246083
273166535
273162517
271245677
270747219
270692871
270467687
254080480
254038190
252825911
252035438
249782625
222660758
207971120
186392331
180863855
180593102
176168328
160370110
95039339
91984629
82700584
58696246
41097934
41097229
33343515
8312026
8021668
7005071
215103345
206153334
204875012
192950633
184873840
182090596
170611247
152485740
138463406
136482596
132304651
108241216
105985512
91102014
53757978
50356123
49080568
48363463
41094704
15358402
14320954
11967307
10833328
3658833
404969
373834
277526062
277467963
276503389
276486779
276022842
275573796
275267061
275267025
274735409
274591189
273497633
273481162
272123320
271380197
270164470
252401139
249019191
248523195
247953021
197098988
185688729
182980956
181998086
181998049
167615590
111371211
95311761
75790253
74608863
51833334
38121444
17016825
14857076
12081412
1742033
508387
456164
448374
415697
345161
275442912
275076088
274625965
274372041
274146170
274064195
273688285
273244102
273125671
272815446
263351981
252178367
249388117
229976697
225215639
217510912
205113440
203049340
193050672
170325069
164483676
152484422
152475923
138181208
137694592
137263308
130609475
115254298
110176125
102513015
86147410
54862169
50496988
49204087
42656216
25906450
24963094
4700941
3953469
479106
276090957
275267016
275264416
275177224
275036162
274840194
274742875
273654347
273604850
273186365
270548020
262453002
254080849
249090134
138398095
137375214
120183419
74193857
73230831
54412951
33343553
22824706
16970117
5356343
276924502
276485214
275490571
274831229
274587028
273700088
273700064
273591428
273441122
272918201
272362716
270503377
263208222
262852717
261972196
254132211
250070918
246208021
216462286
216462123
214593556
208739267
197652288
192124397
180749691
170467901
169267182
167615198
160924717
151950510
142260427
117315807
93871205
90960325
90142216
76779748
15356801
11723214
473842
392132
276496268
276309996
275851967
275505892
275327373
274707682
274118136
273850791
273635772
273217298
271660618
270144975
242785662
229976948
229727834
213718799
210513642
202243214
186741403
186705919
186304349
177860450
163172543
149153653
129574465
101262166
92552064
91986128
88998881
78974742
75948572
75630583
74194750
68417984
48759402
20355723
15081157
11227922
7331215
716166
276591365
274579066
273613237
273603957
273467446
272466428
272201344
271987241
271121105
270774901
263560900
253621431
253620301
253414384
248745945
246209116
230224514
230148841
222679294
213691815
198911493
198427025
186436591
181253143
181220903
180720345
180008608
171584532
166495456
165150428
273122323
272887913
272448118
270766779
254089856
253901130
253498956
253252692
248773139
248697149
248085878
246208038
246205347
216462287
216462179
213496994
198868692
196933597
171825183
163447122
145293298
137440102
114945701
105378740
84932850
75313114
51200036
22990175
21259728
15359082
12499774
7458827
6831807
1029484
533014
533008
408180
276318409
274251678
274118000
273319903
273238928
272402976
272163631
271286775
270744903
270478215
270120743
270105032
253720646
253291085
253232301
249083992
229975737
196382248
195545368
193050636
186291390
178231957
174308420
174307942
169818375
161903988
128711563
92551748
72878581
41092367
39369425
14475369
8465327
6476749
5369083
3640441
954880
467011
349955
346110
276525791
276495525
276481826
276244875
274735404
274593127
273951820
273645716
273460636
273318359
271585482
270799001
270766680
262796227
253583994
219460713
212324001
207771799
201614471
192949622
186312995
185712256
167615341
162250565
145297578
138465819
128594025
115254528
100958524
95218547
86532016
75948578
30708584
24165499
22367382
10833324
1471851
534790
495721
408735
277442662
275356722
274844930
180722403
180722381
178571409
174605328
138438821
102108224
68393897
51984906
32976131
28708085
14965493
3715817
277399964
275542868
272429133
270772383
270472519
270467691
270145343
270123350
263292771
263103173
262756194
258805954
253901132
253601009
253313990
253309113
249738822
248131673
247906044
247390183
232886960
229970469
217125799
210418342
208760851
208600226
205574047
203200627
203084302
198301581
186318571
186292914
174291312
149404575
137486406
98733629
89315929
68409688
68145539
15356036
273725406
273604797
272877011
270164521
270164501
270142522
270131171
270129252
270116253
255368909
254113827
253307320
253300100
253258941
249738850
248131742
247948243
246209114
241680356
230341791
230227831
229977193
229976534
215748884
214732028
209906132
209275824
208648826
199901043
195637717
192623370
174104325
166034991
137481794
137440426
92551515
92010849
68394286
42406469
32901562
277227685
276952060
276679307
276089500
275663284
274187502
273604357
273387131
271216288
270478980
270238245
262830173
254089858
253690788
253414386
253308220
253300081
253300059
253231712
252352068
230329918
230223846
225202724
215738578
215389063
209614220
208917797
205017492
253901134
253309557
253233330
253233324
229979161
229979148
228989981
222726486
202604492
202226365
192588728
186484333
175533224
171584524
163264761
137503472
116046876
90522198
32955199
32860475
20873461
16860800
16860727
3236899
277614626
277614620
277613477
277465775
276466190
276090552
273678375
273667158
273658088
273642172
273442976
273441828
273419975
272979316
271993393
271829119
271249217
271233158
270725728
262836617
254078682
253721340
252763824
249716679
249038962
248703319
248012864
247862040
229978847
225385795
215748904
209904956
207272317
194033949
178602280
95225045
65472226
17466671
2002413
420730
277544233
277544106
277469997
276805759
276273779
276148839
276035732
274735502
274735452
274064166
273473857
273461344
273356631
273307333
262836619
259483234
253467814
248004952
243083921
215548555
206561015
197906954
186165943
183916448
181998039
181998037
181998035
169376970
162340815
160814570
91986543
88914078
77858329
71062560
50426731
46723654
39367796
1471853
935489
897745
273906524
273660785
273646176
273418928
272999403
271676192
271492540
271472922
271448813
271291321
270328127
259537356
252719821
252099024
242070711
241667759
221229957
215077549
213562616
212924910
194582999
186256513
167614166
77221402
54632984
42403040
41131323
36871753
33328930
19355113
11962088
11924439
3953473
277394518
274376112
273712889
273479668
273467747
273459190
273417409
271193882
270860934
270548466
270511869
269983207
263208158
262859882
252334166
250074071
250070976
250070929
249389854
248585430
242487143
222723711
215072937
210425400
205897360
204941407
195696298
195696296
190856418
190109678
184301912
181473130
171586288
115254472
101839209
73230837
72711061
42665460
10244812
1020624
277544264
277395412
277395099
277389387
277385908
276079612
275013117
274526990
274062446
272527065
271188540
263487057
260810309
253300615
253300539
252853832
250077253
248443082
222723696
213842856
205311451
202429194
202239147
202064608
201477647
198425929
197750074
197380967
194824421
189529326
186369426
184491518
179546690
173093731
99851362
72711648
22484261
14853242
10413112
6592983
277382940
275697587
275327379
275327371
275289888
275237200
274822775
273667824
272048099
270703072
270213894
263097398
262756233
262516814
258823421
253581059
253326408
253259024
253242221
253239661
252098337
246208022
242718633