277363175
276666452
276048572
275941947
275005578
274991730
274091104
273321875
270808402
270808340
270502213
270502175
261157781
253350371
249825855
247902537
213936767
209387417
208056387
200976857
198996236
198996092
193737151
193737128
137187968
118522790
101870772
87635133
19808847
2430577
577212
574429
550160
548373
517233
485308
442300
416348
365745
315241
277180701
276368854
276048554
275941931
275890434
275852069
275005643
272558516
272532906
270845610
270700383
270502177
270502123
249825873
249825821
247902529
208056346
198996250
195283801
193737118
193129313
192951394
101870899
55288285
50247575
50126151
50078288
43751954
36316218
4552507
2530747
2499787
2465243
474654
450147
436144
429059
424839
421281
315893
275970986
275890350
274992065
274991864
274674864
274674790
274673044
272532979
270134902
249921527
249921423
248789337
247902318
247902314
247902309
213936790
208056367
195472331
192951434
191780797
191780688
155532161
129770975
118522778
103475193
101870535
58711518
58710988
55286765
46757542
42838969
23437578
965428
577219
574434
424865
424843
385504
342742
315845
275890516
275890390
275876263
274677857
274675089
274673978
274673799
274673048
274463492
271313316
270134912
253350341
252892484
252540011
277593458
277593398
277593296
277593226
277593198
277593150
277593108
277593046
277593034
277592995
277592987
275005653
274676027
274674559
274673071
274673046
270808384
270134922
206715305
4552503
342560
277596247
277596197
277595220
277595144
277594998
277594610
277594586
277594566
277594520
277594466
277594194
277592938
277427624
276957923
276149661
275915563
275890382
274991870
274991742
274675387
274143091
273303368
272532899
270808334
270700359
270502265
270502135
263388458
263196777
263196718
263115035
249921553
249921547
248703421
213936774
192951446
192951410
181567321
55287230
2430579
277596714
277596319
277595562
277595104
277594368
277594325
277594302
277594275
277594082
277593446
277593307
277593207
277592900
277364414
277010732
275970984
275890524
275890456
274991722
274675361
270502217
270502191
270502153
270502147
263450656
263099064
261157186
242076415
213936748
206715327
204090665
198996302
191780611
116571868
101871332
55422938
55289382
51991126
2530861
2027429
277596746
277596476
277596379
277595971
277595645
277595620
277595610
277595586
277595578
277595180
277595116
277594604
277594510
277594219
277594187
277594114
277593481
277593178
277593174
277594105
277593468
277593422
277593168
277561889
277353075
274676154
274364210
274167978
263196619
250098986
249825686
249825675
247902388
217517677
209603500
204437458
195696947
195510699
193101861
193101724
137165006
48755694
42261052
553240
277596336
277595995
277595282
277595038
277594965
277594538
277594478
277593272
277593137
277561845
277427658
276657066
276048636
275890424
274991874
274991770
272559694
270845656
270502281
270502125
270134939
263450750
249921648
249921585
249921540
196058189
195472354
195472310
195283726
140763292
129770971
119699006
116456123
108748252
88043597
73492168
55285808
50247565
35869384
3687849
277596706
277596640
277596550
277596429
277596192
277596123
277595258
277595184
277594938
277594576
277594554
277594521
277594376
277594344
277594152
277594092
277593473
277593217
277593006
277592912
277592881
277363017
276048698
275890526
275890376
274969870
274677501
274677383
274673180
274673031
249825819
249825702
249825693
247902469
190709021
103475120
55288380
55285196
3782675
577255
277596672
277596652
277596411
277596353
277596093
277596069
277595597
277595189
277594548
277594166
277594130
277593469
277593180
277593125
277592940