277564307
277416115
276859599
276594767
276416342
275870366
274951977
274022382
273825517
273306730
272830530
272829741
272829533
272402625
272391549
272243640
272195413
271318076
271200826
271200329
271195074
271114460
270442046
263099881
259513143
252165730
252160512
198559461
195430133
187264606
175162056
172075743
136009381
95194460
75629426
75540426
73475677
58565457
55511819
3831953
276613126
276389433
276310249
276292815
276275707
276275555
276234491
276229518
275284817
274661745
274190918
274113576
273989048
273869209
273514472
272831371
272831322
272831241
272392220
270766097
270438004
270249524
263643956
263082223
261027734
257833902
252676894
252673679
214782868
194953499
194953353
177776817
177772920
171586329
171585937
158774685
143796542
84878975
76394647
74458670
276883251
275609715
275237488
273879859
273846723
273306728
273022013
272420187
272402541
272388626
271194897
271164130
270444772
270123146
257291133
244304926
230160907
208778396
196548082
186234897
79909715
76393950
74853612
66640879
25729797