277586202
277466860
276653469
276605997
276499272
276479704
276400028
276376654
276314352
276263126
276263108
276263088
276241900
276241796
276176922
276160169
276135509
276115174
276109450
276006064
275942420
275823543
275814715
275305711
275297569
275188946
275158833
275058386
274989907
274953195
274920825
273656599
262781815
208907158
178035270
167030903
12710043
10381816
1938893
730578
277614588
277614556
277586700
277490308
276438201
276314649
276246191
276241852
276241832
276241805
276241800
276237611
276229602
276130496
276127162
276121516
276121478
276121313
276121261
276109457
275865322
275823545
275244114
275244109
275080402
275044449
275044395
275043279
275043272
275043206
275042953
275042916
274912594
274694335
253053139
200023600
175885199
106362096
92010628
48898734
277614554
277613469
277613459
277613453
277613435
277613431
277613428
277490316
277490312
276376652
276314226
276314214
276241884
276241878
276241854
276241826
276241816
276241797
276127350
276121377
276121280
276121260
276046470
275965544
275909930
275882898
275823555
275698416
275244108
275145314
275106529
275085969
275042999
275029548
274989708
274844318
274694272
253053137
199118854
36702055
277613443
277613434
277490310
276882724
276314641
276263087
276241806
276241776
276147275
276128971
276127473
276121390
276121267
276007224
276007076
275859374
275818436
275264082
275043172
274920859
274694262
273934486
262690321
253053365
247376602
209610658
184774163
37468678
36700815
11372055