276581105
276116685
275775271
275157919
270053552
263570612
262675058
249826116
249826089
213571488
205814333
205814253
197852192
197850030
197821287
197687764
197687730
197620789
193094824
193094813
192951640
176753032
176668313
169380736
169380335
166369834
119026488
117349320
111345791
83750584
80960441
73766884
73766861
73766663
73669065
51991197
45178300
29372975
29371791
29358956
276581101
276581099
276319688
276273751
270988647
262674662
249826094
248789453
212685012
198889703
197852419
197824171
197620807
197388196
197337959
193737220
193555892
193094826
193094815
158623828
123442153
111339833
111338838
111337675
102608259
83750580
83750562
83750558
80960393
75655796
73766859
73669451
51991455
51991227
51991216
49961570
48602365
37795793
33452268
31518977
276649807
197854261
197853317
197849791
197847245
197388175
193094811
193094809
176668158
83750568
73766826
73669430
29362508
29358645