277521822
276458393
274185360
273876056
269951918
263557596
259310974
257765864
253071195
253071173
253070600
253070580
253068977
253068928
253059663
253059201
252977650
252976155
252968456
252872264
174262365
173701111
169577687
154028861
68544634
59286406
58132905
44618909
30156556
29591066
24955394
19250070
12622546
11228298
8293201
7083011
3308279
2366671
1709191
541520
277502449
276688856
275822539
274835095
273869329
273868738
273413031
270744475
270478037
262656541
262453109
262046460
253666022
253070593
253070590
253068982
253068942
253068901
253059621
253058166
252978176
252976147
252973870
252973628
252973054
252969598
252967869
252957735
252952793
252784787
252078808
214617412
208907384
205161491
71962283
48754719
41932793
8410691
2366781
2345569
276892461
276688916
276458397
276458395
276458383
276396930
276128824
275271125
273550248
273413069
273281538
273249873
273249837
262453239
262453140
255630722
255371132
254092773
253720956
253095025
253070572
253070104
253068975
253068920
253068858
252870565
248932073
213886864
208206752
189644572
183415455
181922754
42596621
25249477
1217917