277232114
276944803
276944801
276944797
276944793
276485216
276319850
276177452
275340661
275229808
274034093
273404994
272727580
272554869
272282502
271518306
263584582
235728520
205195158
199739997
191636523
188551021
187827447
184495969
171097944
168559521
149534861
149257065
136482413
127032189
91985566
57219176
53667449
52725156
48265395
45493253
10565506
7496297
4059689
696241
276957934
275705913
275069356
273857147
273641118
273553078
273365526
272832313
272554868
272362352
272227211
271326902
271054212
270808461
263680972
249347657
242694220
204428499
202604385
195545340
195464471
194491262
189473586
188409576
188409334
186284958
184518210
167613977
164323227
161408701
138183404
128711535
106363530
85255672
74571424
36759720
17919575
13383501
10593964
6845785
276636753
276496345
275936495
275890686
275387468
274989897
274369157
273622087
273078992
272382804
270852006
270701380
270645990
262899499
257848066
253414492
251920142
251003008
248293479
242694224
222662822
215422340
214835766
214067763
213860874
212323343
210755907
207018853
200628293
189604430
188415889
188410306
188408635
174896100
137430085
125512833
99056611
68688359
20013856
1708917
275448511
275341395
275324515
274063224
273418873
273184479
273152169
270959004
263107319
263107017
257847548
253632116
253042548
249953708
249347743
247415358
215752277
214932985
210274765
204050227
202529285
200815433
200766406
195801625
177887852
127692569
127692282
53833183
42174157
31207331
20013867
20013864
8025970
277241014
275987386
274819892
272455209
272362373
272198213
270137183
263101604
203504611
203201373
202224401
201841925
200628291
183230539
174599731
173637079
124884251
41209152