277024636
276115177
275359092
274069435
274069417
274069415
272525992
272521996
272517925
272147658
271334347
270678975
249875533
249875530
249875525
249875515
249875512
249875154
206491193
206491191
206491187
206491183
201243491
201113367
141297963
111688766
106057686
72302084
56727587
32513855
29290820
26708812
7655149
2987237
2987231
2987219
1735745
1580387
548601
535772
276471664
276414798
275339994
275177419
274192097
273670900
273441134
273406177
273406157
272805310
272527073
272170823
271846129
249921260
249875518
247764500
247741470
244173733
207035106
204416948
201244158
201243812
196180808
192950781
175211976
120758724
101548559
99944920
95289180
87895678
87895141
62049940
50329792
49729051
29290844
27798881
9687434
715475
506520
472120
276900901
275839223
274105008
273670868
273670820
273406155
272305837
272305827
271473338
271472896
271456409
271121110
262783935
249921317
249921300
247934546
210138584
208778374
201244016
201209996
201209988
190608816
169778456
120760616
87582753
76086901
65008054
29290802
23432679
20424660
7737601
7736556
6010087
2987241
2225139
715524
715518
506555
505462
472118
276545322
276458785
276115166
275482094
275235245
273950705
273284297
261974813
252078435
249921319
249875174
213886820
207035120
202770301
201210008
200779090
113642133
113606500
113437562
87630694
78279789
72769089
72151971
71898421
66122768
65588922
57116398
40939558
34957247
25001271
10209770
7777514
7652796
4423753
2422653
2225153
715510
472116
276319996
275792820
275792770
275792750
275074525
274060685
270744483
267342725
263207655
252985767
249921241
249921232
248355605
247781567
247741506
247741457
247238591
207565742
201243531
173189827
113919140
91816123
91775520
91017293
86947313
85560172
57968533
57705040
56261700
51259671
49725537
49725049
36369415
25273092
13808487
2225155
2225149
1217927
715506
715501
276891774
276869422
276478638
276412197
276115188
275771395
275771296
274084726
273294619
270744485
270481260
249921181
247934514
243086149
241748789
241748787
212961122
207755482
207754252
201243440
201243367
201210002
137239041
99158710
91810452
87569943
86930560
85178500
64224875
56596026
29290746
26598912
22783782
19410189
12291292
7773051
7772966
3619423
715508
506556
277570604
277570099
195972113
113588629
91816325
91815515
91031493
87894823
85178806
64229043
43775509
14325217
507037
277722186
277722130
277571461
277552933
276869426
276543261
276542718
275792709
275542054
274946301
273941512
273238854
262693030
253059831
253057005
252973048
252966509
252080145
250230289
249883980
249489576
247741468
247741441
247741403
241748806
210439055
207933135
204393972
201243499
201209990
178226135
168900757
137423748
113451067
105695280
42459004
36313844
25560669
2987233
606752
277570249
277552892
277502416
277416363
276869432
276545306
275425065
274191797
272165508
271158332
270502879
262037826
252995680
252975131
252974891
247787867
247780339
243086143
207035098
199536499
192678365
142334013
120759372
116167338
105737821
105695278
92552216
91056254
91010880
90851357
76781496
38212667
22779931
20130179
16049089
507034