276900144
276681899
276681846
276681308
276681289
276681275
276681261
276258056
275609244
275271426
275219120
275205952
270891427
270063873
247707086
215736825
214967771
207313535
195462454
193889940
188381614
172936289
172936096
152741271
137864524
136868600
112816191
107560838
72818335
26216868
11919466
11338868
5893875
2156985
918632
704670
625478
544729
484571
461318
277452873
277452871
277452869
277452863
277452856
277452612
277452269
277452211
277451921
277174859
277172185
276948752
276897096
276699692
276699572
276688302
276680895
276104420
275271459
275271363
275269088
274801707
254036916
248431992
247662476
242627844
197851724
178831344
172483662
172372924
156644205
73548002
53639626
26216870
650324
602611
602610
602609
602606
474073
277452404
277174867
276681359
271983548
214775551
54393385