276635059
276357200
275685216
275602299
274824506
274824152
273474688
273277058
273276293
270684756
270211018
270210620
270207306
262338149
201597073
195329415
176507738
157169477
133162590
119719519
112171343
101265409
96868861
96552060
83021024
83020953
77965803
73402381
72710953
55709912
54987757
50216142
23414389
23412760
14980422
14980309
14980302
14980291
8316975
894822
277614049
276456303
274969999
272308558
270845706
263680225
262656413
262655222
262655208
262655087
262338166
221032154
221032148
191298287
186553415
119720096
119719641
119719592
116455554
116159663
114585046
98132726
96551373
83147830
83020713
82391619
82389911
78554577
78554575
77965869
77965805
76153879
73402583
73402494
73402397
73402293
73401999
23631182
23630102
19345413
246773228
191298313
191298288
191298247
169381085
169380785
169380732
169380546
143618124
137511293
137511291
119720054
119719578
119719548
116458077
107005056
105665176
105665089
105665087
101265407
98133645
98133640
98132720
98132703
96290532
73402028
23635963
23633142
14980517
14980273
3579743
1593297
1593293
273295866
271359511
271100568
262654691
262654609
169381602
169379690
119699138
100146465
84873929
73402607
73402285
68463499
68463495
23642300
23634760
23632777
23415757