276431401
276041808
275433130
275147831
274806115
273081815
270758661
264015840
263630181
258752377
253782516
253782503
253782453
253782410
253782386
249174149
248542237
213967490
213965969
213964897
213936993
205694629
198587478
176584721
168046970
95733269
83021155
82371101
73402370
73402124
73402120
73402106
73402095
73402004
73401997
53455803
53455629
53454558
8102452
6555671
277388457
277388325
277313212
277313204
277313172
276900787
275898605
275399942
272632527
270922143
270913666
263982255
260942265
253782514
253782480
253782471
253782452
253782449
253782445
253782434
253782409
252911732
242751828
213969284
213936857
213936661
213936321
210423570
210423565
191764990
173383455
117138671
12702199
1520771