277409592
276508158
275802171
275638259
275599529
275543531
275507433
275385283
275225225
275220064
275215934
275215746
275215670
275140260
275001997
275001885
274999671
274963350
274955760
274954061
274952847
274947885
274907989
274883827
274881878
274858838
274858109
274857764
274802730
271542000
270942376
269973432
263677431
259310942
258215761
252881880
192949998
123441804
119026255
25001940
275890802
275802147
275778098
275664636
275606982
275585531
275507454
275507448
275507426
275507400
275479139
275479137
275385412
275385287
275290463
275231774
275231311
275231297
275216086
275216076
275215946
275215720
275215580
275002023
274990400
274963124
274883855
274862279
274795009
273680048
273157384
272493176
272369280
271542034
191987939
191818078
191817633
185626719
182319748
173718231
275917201
275864837
275840778
275802229
275802227
275802097
275603172
275599493
275588677
275585112
275507490
275507337
275385293
275385275
275290487
275245171
275231315
275215944
275215866
275215820
275215806
275215520
275052569
275052545
275037918
274999616
274988561
274958445
274947924
274932821
274861775
274853780
274853489
272837256
262845927
258848482
192990394
140970232
108130861
24165617
275507450
275465916
275384796
275290565
275290559
275290555
275290545
275285971
275283348
275245504
275216080
275215888
275215568
275210550
275045958
274893213
274892745
274887814
274444636
273556705
271076751
263358243
253187948
193736897
182144111
175445484
112549846
65086956
578081
275840889
275770178
275664546
275606397
275603939
275584853
275507472
275421327
275385289
275290578
275290493
275231291
275231281
275231279
275210742
275051941
274947908
274893100
274883924
274805411
274444908
274444137
273941311
273768237
273567420
273545877
273233365
273214799
272851055
271528760
270102360
262792411
262792188
182147972
150545053
111367451
111357140
111189825
110776070
43362815
275954850
275802169
275638257
275606950
275573794
275520367
275385295
275385277
275231289
275231285
275226827
275215938
275215800
275215764
275215740
275215666
275031704
275010099
275002017
274890584
274863047
274501822
274444834
274444776
272493140
271963432
271434306
270647751
270098078
270035755
269983958
263587603
257552603
252078833
252040519
249036978
178831642
140100888
124526051
123441806
276147461
275607000
275215854
275105981
275008924
274958965
274952772
274952130
274447136
274445101
274445099
275215822
275215774
275215550
275037831
275000041
274988567
274961968
274958184
274958028
274893836
274890371
274444726
272998380
272998316
271329047
270745661
263677355
263358265
262792370
252882606
252040424
185206113
181453913
178831368
22651706
275588435
275582944
275507351
275396161
275382464
275283246
275244955
275231273
275229092
275216052
275215960
275052244
274999685
274962155
274957422
274952306
274893786
274444824
274444068
274037545
273556614
273545949
273457394
273364451
273231567
272468383
271982181
271311309
271266980
270134777
269985330
262606189
262051096
258552429
253185934
190827146
185881906
111371869
111189747
106349235
276137448
276120749
275664513
275606876
275573768
275421474
275384808
275384794
275215998
275215902
275215690
275215606
275215604
274952843
274952829
274952505
274846641
274842357
274444550
273567434
273567140
273552931
273533600
273364105
273234604
273233544
273215915
273023431
272174708
271264863
270549467
270179395
253620295
252883267
252882501
252877878
252040784
249389560
184468883
111189811
275785823
275783954
275780219
275715487
275710896
275662669
275583025
275507325
275478757
275422549
275216098
275215910
275215890
275215790
275215654
271520563
271143415
270453665
270101781
269981951
263358263
252674352
252662822
203861669
182320688
172120318
112545034
112531691
22648674
275842660
275732947
275732920
275607072
275530617
275527228
275306837
275241903
275241612
275215660
275215650
275215616
275200034
275193102
275022884
274957701
274952396
274952377
274104631
273795289
273645748
273567156
273157388
272833347
271963180
271372662
270101935
269984932
264013765
263272789
252079133
252078377
251734314
164259135
130060080
130059647
130059386
111365723
111365644
95856875
277389564
275917181
275599588
275531108
275507341
275262683
275232330
275223032
275222784
275215896
275215716
274988295
274958091
274955770
274890521
274120698
273079626
272982973
272830157
272830027
271578901
271542047
271542044
271542040
269973428
262846079
262792358
262792356
262640404
262077569
252077897
252040521
252040467
252040442
252040439
251734168
250549005
201929105
183538823
178831360
275603879
275588037
275584574
275543401
275507496
275385297
275384800
275231778
275231349
275229457
275226715
275220571
275215684
275215676
275051561
274961728
274961627
274960233
274959058
274894253
274894212
274893746
274887981
274805405
274508180
274446735
275283346
275248345
275226257
275225838
275220243
275216038
275215702
275215630
274988555
274967712
274962148
274893005
274890275
274887266
274883883
274882019
274862989
274858468
272998330
262792372
262792265
262792208
252040480
249693686
249693680
193684610
183539056
183538661
181453895
180736399
178831388
118522490
88202429
24999822
24593613
275780126
275601040
275543535
275507468
275291093
275231345
275231309
275215852
275215682
275010499
274996913
274445172
274445137
274444985
274444939
274444855
274444766
274444719
274444712
274444710
274444656
273566453
273566422
273534818
273534120
273386610
273386568
273215648
273214742
271521074
270544358
270453717
269947130
262606216
252040531
249938339
248794234
111385325
111364800
110709400
275792233
275732956
275537758
275306041
275262999
275254113
275241291
275215958
275215810
274957484
274885529
274749462
274445309
274445061
274444728
274444533
274444062
274444015
273647205
273551823
273542447
273542376
273453075
273168122
272837104
271557670
271521086
271429661
271375822
271102101
270110505
270110387
259310948
253247517
252079082
252078133
252077988
130058262
112550370
111366606
276179593
275841564
275786151
275688616
275490915
274508163
274508145
274445178
274445174
274445149
274445086
274444964
274444722
274444716
274444704
274444692
273941452
273558166
273558046
273542265
273512151
273233676
273215058
271900249
271452087
271264883
271102383
270880102
269981470
262640362
252883269
249938190
112543937
111350560
110682657
276104182
275880734
275779801
275778545
275507456
275507452
275478763
275465942
275215884
275101725
274957811
274957787
274957265
274952229
274952147
273704598
273541593
273451445
273362825
273082781
273023658
271846467
271448240
271447671
271445079
263964604
262915337
262077625
252079010
252078772
252078183
252078174
252040547
251734349
251734215
250096162
178831303
125089633
101459560
24594367
276319291
276147354
275802240
275391680
275256596
275249164
275228670
275225574
275225146
275225089
275216126
275215574
274968717
274963139
274908083
274863061
274861005
273357035
197406240
118522499
1735045