277010660
276245964
276238605
275590699
274823818
274823811
262674761
249220313
217172626
214738819
214584944
201045700
201037065
185991272
163162760
149045211
117089599
114572145
97922331
97921922
97510227
96586951
96586857
96574316
76469611
51348862
48458265
48458137
34709226
29387269
25206526
14165837
828341
828333
828329
828307
828305
828303
509174
93357
277012291
276669212
276238620
276104132
274823813
274823809
273314032
260920758
249089831
249089829
249089803
248647793
217172944
208683251
201048570
197337953
171063530
171063474
160268824
148927023
110758001
96586979
96575157
96573767
96560493
52319008
52317604
52293644
51348886
49961652
49961530
48458015
34709242
31516645
828339
828337
828335
828325
828317
828315
276676741
276286552
275762219
272944587
271542421
271451331
249089821
201054981
201047070
196889736
176667112
123442313
86999945
60406051
60405148
50217619
49961514
49961509
31519155
23402802
1411449
828331
828327
828323
828321
828319
828313
828309