276933414
276932802
276447109
276105178
275733431
275686892
275676539
273331275
272390431
270665734
270665714
270665687
270482733
270481880
270462958
263771003
263034427
220682645
216476614
200935032
176560766
160269645
156729902
155057573
154718070
153875508
152915274
149753007
146509521
136014578
126079685
119329202
115827266
114918939
97816741
55996811
29358786
29358762
465886
465884
276295746
275424859
274170624
273879769
273413953
273179642
273177677
273176598
273175749
271947131
271947111
271947089
271947050
270462751
270462527
270458056
260920828
260920728
260920344
260920275
251258853
250233509
248789451
208474839
195875423
187596165
186567952
186567899
184634084
160270362
117985755
106521391
102613509
97517489
49379402
31518639
31518143
29391444
4486881
1467311
276102813
275425731
275143572
273982433
273879814
273870925
273752776
273175846
272836960
271947135
271947127
271947113
271947106
271947105
271336975
270053830
260920545
260920345
242075005
200651951
195875294
195284078
188996054
173450033
171109275
153995580
119332779
118522967
115827578
97516992
96578877
82390897
58992464
42839177
31518370
29378714
29359105
29358867
25002982
465885
276120111
274668326
271947099
262674765
260920337
119315408
50216909
25538241
20803925