276109244
275685330
275451633
275243585
264016018
196241343
192640089
187162136
185925452
172674233
172673718
147593187
113431213
112690685
105614722
98570112
96554110
95295622
95090558
88197084
51519308
51513067
45150436
29357833
25192362
25057096
23140674
22448559
20618427
16595631
15359476
15353787
15061580
13888390
12338513
1544271
953869
492523
466197
465383
276009055
248066436
230248929
213963624
200960606
190194394
186753170
186753108
186753106
176522436
173449846
163148724
152705347
145297447
119315397
113004678
105897778
95295625
90576506
51519349
42963877
41819570
25002971
22433490
20616530
15359027
14941679
465390
465388
465386