277540159
277370458
276291889
274957614
274676295
274674974
274674910
274354320
274354308
274144009
274142259
270502129
263450658
263450629
263202736
263099026
263098958
262871814
247902513
221229496
215293633
197652321
191040135
190706676
190706627
190705743
186494004
181268189
181268000
181267985
117375168
102758238
71011767
66229279
48983668
25205742
25203200
474167
455998
416443
277370490
274957699
274675359
274114522
274034163
273324669
272619731
270053078
263489699
263078788
262797104
262706976
261157791
261157182
252714354
250340605
215293627
214921456
214759673
213788653
213788205
200976873
195697031
195696979
193737112
193640557
186497819
186457356
184476554
184476160
184240879
181268007
88809716
77656019
55286741
37794702
7310841
3215949
2462759
2182015
277370474
275859254
275578563
274957783
274677756
274673395
274419134
274114244
273312686
271441814
263395040
215540788
214760242
213789548
213789465
205254815
203422639
192173893
192173844
191780028
184488418
115754267
101262539
88043439
69323362
55422974
55288386
55286787
55285467
55285444
51348754
48755285
41876175
35869347
34756178
34752976
25205331
3770087
2499717
416268
276603261
274677750
274676697
274676446
274675247
274675107
274674374
274420324
271301307
270053242
270053188
267258546
263450762
263450631
263208924
253168677
251983727
214768155
214768013
213788277
200976893
198285505
198285265
197652384
197620621
197530430
195994042
195696907
193605214
192951428
181268201
140629663
117375021
116567506
73385296
73385114
55286732
48983789
41876169
3770149
277499650
277377773
276963402
276797153
276797084
275702297
275626184
275619411
275018356
274957647
274677569
274676701
274675987
274675886
274675436
273312626
272226131
271315011
270053001
270052828
262704801
250079034
213789144
195994070
193878314
192951472
192173752
190707712
184798622
181268233
181268191
116567165
111030714
87045152
55285062
45461997
24594775
10714021
2068055
555427
277404149
276609035
275619989
274677805
274676401
274675894
274675067
274674532
274674346
274673513
273324671
271441784
248703408
213788743
213788704
213788303
209379572
206715254
202961904
198996176
198495157
198495141
198285609
198285573
192173989
181567303
181268195
117375033
88046044
58711446
55288409
55286645
25203943
277540384
277500379
276963254
275619345
274677713
274364854
274144017
274114400
273324599
270073081
263114128
263114057
263106871
263104781
262971422
262730514
213793483
213788742
213788643
213788632
209379604
198996286
198285388
198285255
195506666
190882677
190792329
190791272
190759733
184243906
172025071
115754298
102758522
74036016
70715448
29356791
14964354
7311201
2499563
520299
277410964
275618614
274949027
274677998
274677758
274677288
274674127
274673454
274423131
274144007
271441868
271441832
270053118
265178075
263243576
263239762
263179540
263098529
263098508
263085371
262706926
198495137
198495119
196579657
195697046
191780815
191779572
121221856
117984678
116567116
108830555
74329968
74035904
70722319
70202827
55285736
50239052
44605350
35539578
25203891
277370484
275087503
275087302
274677040
274675678
274675069
274675013
274674056
274673823
274673767
274168505
270053048
270052749
263243761
263105078
262651497
214756633
213789476
213789310
213788562
213788495
213788367
213788263
209379632
209379578
208778590
198584044
193128700
193101992
192173949
191779660
55285588
54513398
32222097
25203895
25202453
277406856
276827083
276797392
276797388
275961217
275619782
274957758
274677409
274675672
274675071
274673635
274473057
273325471
273324623
272558527
271477088
271441844
271191570
263450766
263202799
263179574
253182199
251590802
213788318
209379608
209379602
209379600
202961984
198996090
197652327
193737144
191780338
181267981
117492469
102758439
83749916
74342660
73385119
70528669
14957533
277407247
277404062
276753409
274677233
274676125
274674780
274673765
274420882
273324616
273321828
271441791
270053046
263241983
263099075
263056061
262707060
262706818
262706585
262469219
261157789
250078940
250078840
250076673
248703453
213788786
213788322
213788255
209379576
198285340
197530396
195697037
191004219
103475191
58711442
55288367
48754979
35537961
25205445
25203782
25201800
274678015
274677063
274676053
274676049
274675573
274674702
274673937
274673621
270053206
263179626
263099044
263098466
263098444
213788676
213788534
209379570
206715271
206715243
206248716
192173971
191780537
191779777
191779475
117375190
102758217
89481155
48755565
48754944
44605273
35446149