273927987
273911134
273570121
273557699
270734888
270466612
247878734
247858831
217483052
204765494
199106396
189250899
173878382
171883470
137751490
109369837
107016592
103475344
98134195
95295653
76834825
75632377
14514489
14514481
14514414
14082590
11782438
8951137
2240069
499980
440014
440009
440004
440002
439988
439855
439854
439853
439852
439851
274453694
274453499
273696761
273555341
273493752
273367033
273359272
273350376
273349880
270757797
270465423
270465282
197847354
186265840
186088215
171897633
171893902
78553775
14514499
14514497
14514491
14514487
14514485
14514483
14514420
14514416
14423903
14423528
14423396
14423044
14252032
14082601
11782436
11599901
11599899
2079489
440794
440791
440007
439856
273555112
273553783
273348961
273347704
198395994
197847240
187746562
14514501
14514418
14514412
440804
439999