277341803
276899136
275961147
208374393
205290294
205290021
172243672
141982019
96934200
88791802
44114293
38073019
34612056
13379390
13379348
13379346
13379335
13379290
13379253
13379247
13379245
12298774
12298761
12298754
3608699
1566653
566465
566420
566390
566384
566374
566359
566338
566322
566320
566314
566313
566311
566309
408523
277341826
277338769
276627526
274150654
243098573
205291533
205291398
189664875
183891999
182824955
179794990
167854025
129666201
88794053
53662132
49248935
39270528
15972578
13379331
13379282
13379271
1551663
408524