276898957
276847515
276144014
276031379
276031365
275971025
275825599
274084871
273057608
271100541
263989870
263450978
254859509
195660422
195660419
195660417
195357782
195357776
195357774
195357772
174038431
155140620
147763325
147762404
118221080
117106069
101732085
91773860
88796575
83751096
82006707
72944540
72165820
41882039
29368044
23028871
422325
422323
421872
408131
276679492
276031383
275971017
275927209
275770229
275710525
275332335
274990788
274626414
274626412
274084851
273356650
271100543
195660424
176156273
169380368
151641001
130198481
130198472
116972244
102609307
99045657
91773862
88792256
82189710
73669610
72527561
51991231
51519332
50724660
50361820
42620222
37939019
37795545
36711175
26652582
23405315
23028879
21606125
421870
276962801
276950865
276950859
276847513
276630878
276401340
276031399
276031371
275971035
275971023
275971021
275825598
275825589
275770231
275770209
274744393
263450906
262605431
206295548
173449737
130177737
126305994
100285956
98575631
73766948
73402694
73402246
67607621
59519165
59470895
53806304
50724354
50724327
40660267
32224116
31517477
23028885
23028881
23028873
541179
276870773
276630880
276630876
276630866
276031387
276031385
276031381
276031377
276031373
275927242
275825607
274990790
274744596
274744513
274744448
274743697
244303853
204069151
195091238
183288396
182558929
174038516
169380576
130177827
116972235
116972216
113929942
96934255
96291244
91833402
82008159
76153725
73402618
63675945
59518424
54797487
50361812
32225047
23639515
21606123
277526437
277384674
276031375
275971019
275825591
254859582
192951845
174038541
174038539
174038484
121172815
116972246
99839009
71967923
71967767
36711111
23028887