277554482
277445523
277441513
277413592
276860824
276860814
276833109
276833100
276640791
276608338
276583978
276428048
276414124
276396485
276305454
276236053
276098485
276098484
276077522
275624223
275296457
274991481
274743537
274724105
274459134
274364745
274364711
272421631
271626741
261975697
253099216
203231264
194085910
181122297
170870035
59293801
49253288
36750643
32472857
23413038
277504686
277441918
277267312
276367993
276167216
276056010
275803906
275452244
275158794
274474340
274472030
274384230
274145626
273975615
273961034
273835817
273725878
272187684
262731038
262731035
251885302
217276114
207032950
198296811
197119849
193211309
186434582
181122295
173479574
120183284
89204270
88917475
77059007
73521903
59395854
57905703
56189706
37363738
35193352
32475893
277555149
277383423
277004416
276926517
276710308
276528015
276482910
276427480
276409351
276377201
276323659
276182963
274540696
274455974
274239935
273458618
273179728
270850451
270847364
253619342
252174673
249663536
248176881
247564805
178240500
167462086
104273017
89793154
73107479
69107154
57300933
54682252
53789573
48619255
35445135
21219153
6403963
3794225
3472313
1360329
50190868
46332503
38061786
36705062
33620522
14890554
8780058
427063
422011
405141
367615
277541105
276799150
276754400
276732867
276687777
276687773
276602275
276077528
276017780
275620701
275619753
275611594
274711637
274501824
274399500
274069594
262731033
253152316
242743166
213997300
208226462
202961613
197745241
195287387
189659169
187846013
160692420
159785708
91146709
54929742
54008180
50361636
43476283
42966084
42966080
36706420
31514667
14892951
534944
389848
277317575
276551956
276524348
276450479
276280874
276239163
276150629
275853605
275787091
275679074
275362331
275240466
275236095
274544398
274497153
274019016
271087143
253364548
253169125
216983082
208634815
200673108
187202235
186670426
177747817
172568462
171586324
147415596
133864414
115773023
87108578
79117397
70038951
58213070
49649751
38061458
25883206
3317201
573582
390193
277361094
277341914
277268176
276976658
276290599
276117560
274512237
274507315
273595742
273346851
271295872
271005405
270494644
270254167
269946864
261827271
225210826
213997363
196018631
194568658
187852607
186578233
171587144
138269724
138269675
127692337
127692167
106349669
74811080
23426193
442740
277341951
276957470
276624987
276593754
276455588
274574293
274512325
274316405
274032535
273292560
272041687
271266166
271041055
270847365
261828153
254141578
248343312
213997359
206145363
205506451
186434166
176902941
168234722
165021254
127591504
127170155
120183769
111107372
74890061
68832574
56982072
51518590
50883575
48888541
48758275
44859170
7164625
6168769
1065088
555041
276623803
276331611
276182398
276027007
275825557
275611890
275303009
275105274
275024152
274918108
274567779
273697985
272466876
270494642
270335617
262865480
262084760
261003158
258848121
258571125
248915722
215739392
213676649
201110626
195800694
191649832
185449475
184918836
184886818
182603741
135094103
127692358
127591167
102108214
101870295
50423667
36744080
600384
566272
529263
277438299
276950373
276487828
276174838
275956630
275596686
275018165
274566359
274532551
273677079
273121251
262659947
247930780
247845660
204815432
201385945
197337508
188255434
186440552
182300304
172475793
169271148
162399364
160814594
127692542
111498891
110595946
105375445
66067657
58810066
55240778
54623320
50769303
50181874
41197399
32743708
22070586
21673716
276545304
276497518
276458463
276455624
275827783
275714277
275620487
275163785
275085971
274998161
274724602
273636827
273167629
272911085
270211114
249535109
221516924
214189416
208126944
207749417
204664013
203288360
195304546
193921022
192949900
178212421
160671626
146225003
119698522
106996496
95070191
53227751
50421287
23084460
11406860
10189314
1314621
276581107
275679005
275128808
274594304
274526845
274194468
274045779
273897016
273185575
273114942
272053997
271433586
263596013
263071791
221516868
217500632
208319661
204302054
198448359
195822583
195319615
195303774
194493672
163918373
146223877
129767981
127692238
109109552
106078318
98599016
77774623
76527980
72556480
56207377
49786838
37975917
20552812
2438587
1692513
534692
277437033
277347366
276525929
276500562
276483502
276178834
275821917
275660214
274893395
274569623
274532463
274419954
274045808
273891489
273712355
273170072
270494640
263803815
252767986
250020158
249268709
242500948
205018789
202961571
195665055
195639510
195304652
186670223
133721691
127031805
79483244
77222069
57702249
50423067
49649601
48773039
43907452
1332615
578720
532256
277488533
277463474
277438459
274944830
274186185
273983809
273268567
261834712
261800580
252872604
242500942
242500902
225379219
214775110
213753387
204376294
201385963
201385873
201385704
200848826
198494991
195828136
195822610
195666903
195322330
182993439
182300556
180218590
164077916
152705174
133716288
50215718
50189210
49873917
44858299
410975
277383374
277224702
276842128
276331445
276323642
276191422
274909742
274679146
273321770
270847427
270490476
263588493
263588449
262085480
258646489
252866592
248805965
242444477
242101904
230218964
217125641
213710420
203945307
202508629
201385780
200848809
200673123
199006655
196049236
195663650
192164543
180381248
171586019
142900299
127692418
109109559
108956753
50743565
50581618
1661281
277514801
277484240
277435091
277430083
276833041
276623864
275883470
275672592
275308276
274711627
273829517
273652593
270490478
270330104
249489626
247779031
243093901
225386017
216462130
215897823
215727569
215136632
202604318
202529331
200848848
200723710
197628358
190094052
189468623
188050605
176845410
174558260
173745199
159384918
146226100
118419955
77221798
74883261
72183888
71506892
277589565
277488898
277488666
277477353
276928169
276856042
275085361
273816981
273789489
273680290
273585606
273452677
273284905
271916633
271073140
270656984
253620326
251984833
250017690
247273577
242443837
230316968
225380484
206641268
203468121
200848556
195322256
193897836
183337287
179584523
172477089
172475886
172475726
146223962
135099739
132304041
117315721
92600887
73851402
49311389
38144255
277383338
277164961
277164884
276624985
276180193
273891585
273691650
273406079
273291831
273258726
273245112
270465246
249268736
242502346
241746262
216285957
214948951
207641119
204429543
201385903
201385608
195854513
195837371
195831507
195701153
195664124
195318991
195305035
195299525
191824404
191817965
146223814
142628175
127591363
90745845
55505337
48136518
36131996
16382538
883438
277509126
277443218
277227709
276455607
274987240
274686510
274004769
273913816
273249813
271499357
270794743
258844294
252812077
249972166
249648923
247931384
247842305
243092020
242501048
242443929
241746195
241746063
241026242
230318725
230316480
217125638
216296808
216286117
216213345
215897819
214932889
202604468
201843110
198824498
179232112
176107189
169887036
146226074
129969942
116904752
277499094
277441802
277438143
277436868
277383421
276623833
276594737
276478127
275739198
275739186
275198950
273680292
273500646
273027109
272267682
272031800
270119355
252870152
252073275
249769434
249767596
249569917
248355607
242443789
230316962
225212265
210524748
202333807
197645285
195287385
193548699
192948612
192680200
186369444
159696153
128711699
127033487
127032164
120183195
74890099
277164896
276724389
276546697
276181934
274781759
273786112
273268575
249935450
248897971
247933385
247786117
225386008
202961778
201385828
196049099
195830764
195322400
195300088
194568634
183036619
183030115
182993120
171580762
161969977
146226380
133864535
133823648
127692536
127692304
127591482
127591400
96027375
90240738
50420622
50417587
50191991
49450348
36313840
1283351
562658
277224704
276864557
276808536
276414121
276134417
275226020
274989223
274799726
274284960
274095193
273245406
272915582
272251857
271040989
263560524
249487430
247567459
244690953
242101951
242101832
241746447
241745982
225212262
217776551
217125590
215121062
214930452
214920730
214189110
209732313
204416985
201613904
201115003
201055494
199040187
185271986
178056214
172024585
155419902
87044716
277513575
277463045
277437672
277437602
277436941
277420581