276604130
275615755
275578696
275079425
274143745
274143722
274142806
274142804
274142800
274133739
274133727
274133697
274125749
274124948
274118361
274114471
274099431
273319793
271270142
271231508
270125986
262974361
262706904
262705663
262701728
261799007
168181388
166397040
116144184
116046962
99985055
99055949
21084900
10779015
2248887
2208765
2207683
2184245
2175417
2175355
275701928
275615830
274125778
274121131
274118700
274117531
274114358
273306091
273305949
271301728
270098238
248543677
184914001
183719376
183718705
168181371
58341748
14941868
2175427