277410740
276882255
275622250
274142708
274124636
274032279
273304212
272111863
271725791
271311786
271311773
271191916
270325348
270307028
270305195
263694407
263387393
263265709
263265699
263265697
263265684
263265646
263265622
262974147
262973768
262872066
262822570
262652400
249945265
218748165
193234598
185282256
183539249
111198113
95541577
95541304
95541186
15191530
2530549
2447827
277561807
277561745
277561681
277529165
277400730
276963232
276957837
274364260
274143157
274142683
274133465
274125833
274125792
274114501
271315715
271274043
271269837
271254047
271121894
270340701
264052364
263265690
263265675
263265661
262795850
262744998
262701107
196560719
193005465
185307511
170355268
167600034
158562744
111005277
102687784
99189837
37414423
7203081
3739341
2648377
277596748
277596569
277596526
277596489
277596309
277596183
277595819
277595807
277595663
277595490
277595239
277595226
277595171
277595164
277595096
277594830
277594809
277594800
277594721
277594686
277594651
277594552
277594323
277594098
277593797
277593753
277593708
277593705
277593266
277593230
277592759
277592645
277592597
277592588
277592554
277592485
277592459
277589743
277580439
250058623
277596611
277596389
277595861
277595841
277595734
277595702
277595451
277595277
277594848
277594828
277594771
277594749
277594728
277594250
277594154
277594134
277594128
277593902
277593856
277593826
277593772
277593625
277593624
277593407
277592722
277592710
277592699
277592550
277592543
277592540
277592493
275259958
271255723
270304205
267342548
263265676
263265608
262705657
262046306
253429786
277596601
277596575
277596279
277596027
277595913
277595907
277595901
277595891
277595845
277595823
277595769
277595755
277595753
277595726
277595404
277595327
277595298
277595276
277595217
277595170
277594846
277594763
277594757
277594657
277594653
277594582
277594444
277594177
277594080
277593700
277593646
277593130
277593106
277592663
277592647
277592623
277592591
277592566
277592496
277596585
277596438
277595864
277595772
277595771
277595390
277594869
277594754
277594719
277594675
277594526
277594452
277594426
277594293
277594232
277594146
277593884
277593860
277593774
277593699
277593685
277593654
277593648
277593640
277593638
277593634
277593617
277593615
277593493
277593078
277592854
277592677
277592658
277592573
277592531
277592499
277592470
270305683
263118580
277595879
277595856
277595851
277595628
277595496
277595393
277595146
277595107
277594802
277594776
277594741
277594700
277594664
277594221
277594181
277593831
277593819
277593812
277593790
277593787
277593745
277593732
277593728
277593691
277593676
277593673
277593612
277593609
277593600
277593359
277593216
277593080
277593062
277592734
277592702
277592661
277592628
277592626
277592520
272532944
277596552
277596367
277596320
277596310
277596135
277596081
277595958
277595836
277595791
277595767
277595160
277594697
277594320
277594286
277594248
277594192
277593660
277593210
277593118
277593090
277592878
277592772
277592690
277592634
277592514
277592513
277592501
277580400
277561801
277529157
276826230
275877051
274970908
274142665
273323404
271272261
263395191
168006855
2565241
2465347
277596686
277561775
277561761
277561753
277561751
277534965
277375497
277353067
276827079
276826603
274144042
274142505
274142356
273321003
273319697
273308619
273304111
271313024
249947254
209388125
192048420
190238541
160268677
100455017
97682291
51970604
51945887
14926106
277596666
277596427
277596361
277596329
277596299
277596240
277596199
277596149
277595985
277595915
277595902
277595875
277595815
277595738
277595704
277595683
277595304
277595094
277594842
277594818
277594793
277594785
277594773
277594759
277594751
277594738
277594734
277594696
277594229
277593872
277593848
277593754
277593750
277593284
277593239
277593183
277593022
277592558
277592495
277590855
277596417
277596403
277596304
277596278
277596232
277596063
277596049
277595957
277595831
277595825
277595804
277595799
277595764
277595749
277595741
277595618
277595356
277595186
277594892
277594876
277594758
277594665
277593972
277593911
277593895
277593886
277593684
277593677
277593653
277593598
277593351
277593308
277593134
277592785
277592715
277592707
277592609
277592605
277592534
277592527
277596473
277596408
277596385
277596020
277595977
277595813
277595350
277595346
277595198
277595182
277594866
277594769
277594727
277594820
277594740
277594703
277594687
277594654
277594624
277594622
277594209
277594158
277593803
277593738
277593734
277593716
277593678
277593380
277592678
277592636
277592603
277592585
277592570
277592516
277592483
277592471
277581181
277581171
277561913
277561857
277561779
277561772
277561749
275876215
277596758
277596621
277596250
277596107
277596070
277596047
277595935
277595821
277595797
277595784
277595781
277595542
277595373
277595347
277595301
277595291
277595062
277594908
277594708
277594707
277594684
277594669
277594618
277594462
277594226
277594195
277593758
277593664
277593650
277593614
277593483
277593475
277593392
277593328
277593182
277592802
277592695
277592465
273796107
249854555
277600704
277600615
277596502
277596383
277596035
277595982
277595925
277595897
277595829
277595750
277595748
277595643
277595224
277595194
277595065
277595059
277595022
277594921
277594814
277594218
277594216
277593851
277593739
277593697
277593641
277593630
277593608
277592744
277592724
277592640
277592617
277592544
277592526
273796140
273796138
270306063
270304294
263265664
263056512
262305598
277595455
277595408
277594732
277594625
277594278
277594252
277594199
277593770
277593628
277595936
277595779
277595739
277595722
277595641
277595464
277595438
277595434
277595318
277594694
277594671
277594234
277593828
277593763
277593606
277593120
277593088
277592704
277592691
277592632
277592622
277592616
277592461
270306803
263795285
263265707
263265666
262705716
259648275
2465339
277600882
277600583
277596602
277596475
277596328
277595863
277595431
277595392
277594434
277593841
277593800
277593780
277593776
277593736
277593718
277593254
277593160
277593024
277593000
277592697
277592643
277592601
277561757
270389932
264052312
262803826