277529200
274677241
274675003
274142810
274133766
274118481
273321949
273307493
273306306
271192029
271046115
263450704
263450698
263104071
262974370
262790354
253322812
242882878
198285579
193111663
191779591
122521788
115961262
109852127
89481598
86424330
82387586
74678032
74451636
70602375
55286759
55285364
51591644
49378762
37152105
31648808
31648782
31648774
26595138
560529
276327686
274673575
274142375
274135233
262903876
253325970
206715287
198562307
198562145
198285601
196220998
193128786
192173934
191780490
190878563
122521856
87045158
87045140
74678086
73668966
73385281
71005895
58710894
58710058
48983678
39359873
35896603
31934979
31934721
31933753
31878879
31878786
31648870
31648822
31648806
31648802
31648294
3782659
3770191
3765695
274970562
274675888
274675075
274674802
274673755
273910001
263956453
263098616
263098561
261840719
253324642
198285615
193128776
193101746
192951460
192074639
168054607
120459871
107001942
88809599
87045344
82388984
74036018
70607748
70494907
63941975
55285684
45462224
43981755
31933309
31895761
25204504
22986502
7476737
7476721
3818631
3782643
3782573
3770147
317655
277551961
277370068
277163846
274675568
274674566
274673899
274673674
273307783
263450736
263450729
263450724
263099010
263097650
263097488
263097259
263097118
263097114
206715289
198562398
58711076
58710369
55285667
55285366
55285327
31878887
26595202
14938291
10786627
4205843
3818745
2624941
521799
277587914
274678060
274677829
274675466
263097861
198285559
197897364
197652333
197620707
193128742
193101902
193101698
192951261
192173850
191780581
89481543
89481534
88046393
88043622
87045179
87045085
86424455
86424430
82389018
62877603
55423017
55289099
55288629
55288023
44605308
31934717
31934499
31648289
3883585
3819125
3819057
3818655
3782641
3782585
3768779
277554915
274676795
274676566
274675580
274675371
274673819
274673419
274133801
274114550
273305833
272322434
271314981
263450714
263450680
263450678
263450651
263179538
263097501
263097134
263085307
262859577
262853128
262799227
210514107
206715303
206715273
198889620
197897297
197897287
197620703
197530483
197530408
197530387
197530385
179928719
110737266
86418174
70385800
58711336
4426709
274677869
274677723
274677717
274676580
274676196
274676096
274675782
274673488
274673398
270502173
263099058
263085323
261840717
258673140
206715321
195696973
192173846
192173758
192173750
191780573
191779162
171591797
125506956
116567433
107001800
101262322
88046385
191144391
176417623
125506968
107004577
106997683
101871151
55285595
55285473
55285440
55285396
48755941
14948550
277603258
274674441
270052955
261840773
196221000
193128816
193128794
193128746
193128734
193101835
192173946
147575756
122273694
90117460
88809558
88045682
86424459
86424434
82388195
74678389
74678211
61553598
45260271
31936081
31934501
31933757
31933750
31933692
31878867
31648284
31648278
31648276
23438350
3819179
3818685
3818639
3770143
3768845
3765663
3765645
276951134
275877034
274678044
274676974
274674394
274673039
274133725
274121142
273306326
271294740
271288709
263489695
263489691
263450798
263450760
263450670
263450639
263100137
262797397
262706808
261995031
253324446
250076201
212963815
202961906
200976818
198996290
198562214
197897370
197897329
197897311
197530459
171592571
117374981
50216068
43752358
10784303
3819035
3818619
3765781
274677060
274673401
270134892
263207795
263097753
263097751
247902381
217130909
206715315
206715281
198285354
197897339
196220910
193101499
192450745
191779178
191144458
191144426
191144366
115694918
88809605
87045238
87044877
84566750
82388915
82388020
78553737
55288992
106996679
87045087
86424436
78553686
76152750
58711078
58710455
55286454
55285663
50072000
37794639
10827222
4428023
274677668
274677491
274677439
274675925
270502197
270052842
263103130
263097163
198285529
198285511
198285507
198285464
198285414
198285412
198285390
198285366
198285342
198285286
198285233
191779879
87045340
55286594
51990831
49379175
48755294
32112171
31933311
31895779
31878891
31587485
22988300
3819163
3818595
3782553
3770207
3770123
3768885
3765779
2015857
462833
3819103
3819019
3818575
2181811