277311801
276900127
276379298
276028575
275948240
275705567
275625147
275357115
275090461
274858944
273388390
272348939
272077440
270837359
270792556
270747307
270467662
270161994
269024809
257915341
257759903
253631584
252880508
252861903
252389337
252298621
215779856
207760599
205695219
167615443
167421844
162111182
145511903
135552426
76732673
76279889
70016682
66698344
55589742
340167
275142529
274610923
273714482
273645927
273388188
273254356
273242366
272348941
272284984
272228172
271453414
270847502
270838559
263103445
262570067
252766863
249089906
246971522
221271407
221229996
217462248
202165270
192459046
185903869
184217976
180987511
167615548
160138336
149264735
143495634
117397522
109109696
66752167
52275103
275617564
274356452
273292427
272497584
272370208
272352138
271249518
270308382
262570466
262570022
257759792
257759739
255349756
254085725
253382108
253165792
252854088
252759470
249167888
249021357
242075351
242075177
241766812
222657594
222657291
215118042
214203523
209349690
208643788
207515285
206205518
205747798
202526470
195468314
192559762
181783096
125929735
34362354
23420977
320319
276928456
276809860
275298795
275108443
274825377
270992492
270878617
270164497
270125191
263103449
255338293
254086190
253630319
252767696
252400923
242087886
230079538
204076856
202242238
201796366
171292229
167615349
152549343
146486573
92551754
508816
374205