276914773
276411970
276329372
275689011
273681665
273270054
272962527
272942398
272426854
272426829
262674569
262656427
262656421
253136515
248005883
221268782
217181899
217180712
217180284
191823944
176654072
176213591
173449708
173449692
141014152
136942986
110585305
97553886
95295983
95295641
95090744
95090259
95038639
95027113
88794192
50274225
37153220
34708921
34708919
31698247
276915506
276408724
275967309
275685843
274544517
273609211
272431332
272430883
272251541
262605449
249012546
217180731
199593389
195875357
191823956
173449720
152705456
136349890
136349883
131280556
121228488
120472286
116757821
105665122
103400907
102133355
100285732
97517115
97517000
96589262
96588156
96545893
95090728
95090550
50274269
50274216
34708942
31602843
31517644
1535559
275261958
274105264
274084859
273344229
273179909
273095171
272941655
272430777
271413572
271231471
262674877
262605453
261157818
251983851
248325922
248005879
217181361
197687762
192951984
192951533
189366231
181998168
171089275
169381684
169380866
154491935
147977718
121171920
116737763
103867687
102133628
96583521
96546625
87136257
84567237
82008543
54660977
26612278
25004245
392014
276286037
276246816
276030577
275968751
275705674
274105268
273331295
260920808
260920762
260920760
260920743
248648751
217181632
217180752
215092645
199606224
199596991
199521384
199516410
199052455
199051639
199043371
192951626
181998142
180750075
171089337
169380331
165627407
158623808
158623743
156202250
156202194
102133372
100285744
95038146
74330282
34708926
32224415
29370759
23296918
276856335
276676158
276284468
275969089
275967222
275659698
275272935
272252482
271437746
261157813
260920746
260920740
260920729
260920722
260920677
260920569
260920555
260920446
217180356
214694598
200752620
199601705
199548390
199051146
199050113
199040006
174183101
171590045
171587937
161408727
145625266
276243314
275064446
274105282
272366739
271418385
262674980
262674704
262654627
261157820
260920839
260920773
217524957
217486234
217181072
217180310
199597327
199251347
199051881
199049763
199038810
198192639
173449704
169380553
158623861
158623697
157824738
147593039
117473209
102758589
96585588
96578120
96551432
95866691
61555599
50274251
34773583
31517790
31516647
23401133
276856352
276856233
276283899
272430659
262674884
262605500
260920587
260920528
260920379
260920273
251322025
248325889
248005885
241636798
199601961
199549465
199543959
199524972
199262765
199250991
199242778
199217551
199199206
198817103
195875377
191757239
180609989
176522303
176522279
150374430
149980740
124041270
121171542
103555009
96587843
92959980
50274253
37152720
29358154
25006430
276039307
275261898
273279135
271386123
262674886
262674410
262654629
262653917
260920334
252064947
251392314
248789455
217181274
217181000
199595693
199262591
199252708
199243587
199243209
199215949
187839278
170687218
169380824
158623818
157824806
156202272
147588047
103869901
101876133
96580612
96557423
96556085
96551412
96546614
82938771
82007168
82006746
73283241
68985055
60846803
275603980