276927676
276506450
276504751
276406560
274842313
273846630
273229026
273220396
272465910
271120325
271086044
270665877
270665134
263097942
262674694
262021243
217180918
209104321
208905069
208176203
192951622
189674393
172936055
145433471
111928311
111059130
105614660
95091068
95090643
95090247
95090182
76136982
75377050
65368391
58963691
56333922
50268533
50268498
31518564
29362495
276246233
276238785
275615927
275599926
275599638
275284550
272438027
272438021
272124738
270454099
262605461
260111528
258752227
254256862
251983863
222723862
210335558
198436089
186816978
163919837
160269405
153274449
152182645
131280657
123442075
121171968
98056969
97922227
84874071
82939005
73669247
69323563
65368378
41592186
41266210
41265484
31518792
31518614
26613834
23405578
277557875
276612908
276239141
275706094
275677013
275062047
272438025
271527741
271319462
270454052
270454024
270453961
270135011
263266495
263104581
260920578
260920567
258752284
200995625
196399396
169381077
153658325
140768663
121626954
121626877
121171871
121171719
119718951
82389446
77965873
77965818
71683457
52403121
48493274
41265480
41265472
4502855
535817
465871
171309
276449513
273912872
272438010
270454111
270454097
270454079
270454030
270454014
270453985
270453969
270453963
270453939
270453928
270453925
270053672
270053634
263266421
260438912
260438902
253389791
252065316
251983853
200997713
200771417
197953791
193976719
187839545
176585035
175527308
169380174
123442268
121172237
113007419
111338259
82390214
80968162
73301210
53231843
19993471
4502841
277364886
276120132
271319377
271315795
270454032
270453957
270135001
270053508
263067621
260920324
252411908
252065067
249005875
242084719
212256361
201011273
201003444
201001094
192714654
192395860
175527312
175527310
169381020
169380966
169380774
169380151
149520711
140769326
140769014
129712394
123442098
122094819
121171659
83020687
72769484
52523866
52259656
48477561
33457357
13944574
277364260
276620319
275692573
270454002
270453997
270453995
270453993
270453977
270453971
270453959
270453951
270453923
270053659
263680564
263266530
260920669
260438908
258752217
222723853
216227287
200940293
200866096
193976714
185925456
152866101
121172625
117552400
102133427
84566999
83020973
72769602
71683888
68984953
58963684
51708830
47504718
13944585