277339297
276928994
276448493
275452687
275041762
275024302
274468053
273768241
273596539
272226143
251756019
247858753
213702766
207933170
204051994
201679851
200852592
198127380
195801692
194960720
192948832
192125798
192125793
192125792
149089470
145288029
117238177
107707548
104074993
100347901
92859060
87959748
73165394
58444919
50072452
14053722
9948025
1576505
1080002
633125
277401028
277316426
277186544
276646796
276383453
274988468
274927645
274845416
274742403
274742367
274545764
274417211
273983870
269992030
251395974
249144048
212213991
205614775
204875018
202233374
201385846
196488075
191472391
190705673
170298048
163577974
138226278
127032523
121073408
103379152
84270562
82702639
76776251
73201327
63078271
52696535
46648663
13967742
13967738
491714
277339293
277339291
276725503
276586985
276584845
276446348
275890013
275611116
275478791
275206732
273983792
273041388
272237237
272226135
270503349
270096805
249535155
213911370
201354730
198385918
196579422
196058088
195801674
195136964
192948865
181895578
167183926
163578415
163578282
163577780
163577605
160672906
160082482
100347899
75765250
37875476
20750197
7611515
7228501
828621
276383368
275697210
275478783
275006724
275006708
274564352
274076834
273714356
273330948
272640722
271327004
270883272
270745662
270446512
245774539
202788437
202343158
198520199
192948932
171777613
150602809
129138492
129138463
125644219
85560019
71980314
71980312
55530425
26491654
625084
536992
478358
478351
474789
277465238
276663953
275912381
275513453
275432346
274742463
274364677
273913402
273433388
272555377
270096869
262663938
218754707
207754117
205695278
197897230
197823259
197547772
151757130
127032977
114896048
101015510
85560042
71553547
46789749
40418434
36710470
36299064
34434280
19662188
14697303
13902909
10230908
4977851
2435743
2435523
1955049
849556
440665
434188
277528827
276843363
276459085
276441040
276160995
275970908
275301060
274742445
274719770
274421491
273983796
273892423
273829020
273696119
272163799
272113631
270116622
253498964
251773340
249970656
249257307
249033316
202529585
202217430
183718222
177999082
159905099
149752977
87985514
73521483
57813999
52112526
5734413
4363787
492406
472401
468737
434191
419476
341339
277528530
276851040
276664336
275341636
274723154
274503588
276503450
275591847
275580137
275513857
274988087
274592653
274375359
274097271
272596590
272372357
272172870
272112211
270173319
247730036
229699827
214617628
210417965
208193242
202013961
200002544
196830252
189630827
187827436
185067446
176645507
173479560
154312417
146271917
145832832
136463802
110944237
98127992
86286796
4653407
478364
432199
421623
341281
277320275
276617200
276583351
275926269
275842873
275532428
275513731
275478795
274931665
274925497
274541973
274374070
274276829
272164282
271414270
262037877
247566116
230009320
215136612
200976610
199970538
197590605
195664035
190464082
176633312
151223518
146096196
125346315
87392038
84872767
69764537
56801007
48481753
33543713
23712501
23424467
3078047
2851733
381873
355930
277347907
277021085
276841451
276598422
276508706
275947095
275785834
275478799
275478797
275478793
275478789
275478787
275453104
275452953
274467418
274407698
272558796
272477438
272198971
271219471
271014775
247405766
207754424
197627165
195814674
195465594
147812979
138602098
111108057
107352747
107351992
61570809
53770225
36710543
14332764
927148
452147
405919
396794
342310
277413629
276482974
274093053
274058332
273534835
272565096
272529638
272412974
272165638
263861861
261964935
251395983
229720279
213673417
202413140
201110778
198203385
197212979
196399272
186080499
183229921
174215351
90414350
84872873
73851408
47242742
19662180
523870
434148
368321
277528248
276683292
276368732
276273480
276160176
276031553
276029976
275893678
274742599
274543661
273473586
272164381
271296056
270117995
269973494
263073641
250229496
243086155
242502827
242487388
204267207
198203319
197687544
197354673
196902139
185067392
183681755
180222656
178057233
177286237
176777448
171039219
149765358
127031844
37967293
12294957
2782213
714090
487903
442199
276263082
275195157
275188106
274989596
274657642
274403786
273785585
273546177
273535800
273394479
272358143
272076727
271336772
271222306
270957374
263596892
263071784
261968301
257867253
242818376
242443942
229810565
217125800
215136596
210530991
204879188
203840679
201089839
199143775
199123465
157118128
146226513
145145512
137498871
64988212
7774991
7021473
467823
444672
339884
276564144
276135508
275514009
275125107
274832791
274792981
274615627
274557235
274496989
273980113
273634031
272908672
243807605
207503037
200002063
193760932
189172523
160814437
159364610
146272296
138617979
134430929
97924719
76181982
53769786
523851
436534
276843336
276658994
276345456
275921523
275818440
275578512
275535623
275442819
275420773
275303419
274799805
274505311
274428913
274059864
273579820
273278228
272278436
272240075
271363646
271144217
271039844
270992316
270173313
263084844
258567469
251275189
209905854
208436403
207438546
201243076
197124225
195465581
182559148
176905716
58081250
48762163
7294915
4977813
1831091
750385
276821014
276656671
276585430
275943384
275889987
275320350
274652363
274442567
273624400
273579860
273351277
273270134
270179577
263861581
263369976
253161611
252755659
251276216
247945183
244169802
213860034
212560827
209273409
201308262
201099233
199143398
197669316
185124260
184831127
182559226
178483718
177207952
170621468
90329072
75580999
54879183
37794472
1892779
515884
434189
277528766
276857870
276814818
276724243
276390885
276390703
276377736
276348721
276308370
275890182
275785826
275092537
275060547
274858691
274819302
274656994
274590227
274194506
273456196
273263322
272237218
270965450
270504242
270384224
263348027
187746401
184243228
177267136
144380551
138932236
138931992
136753123
128711482
109280482
107363564
55680293
53935588
52329758
21435670
3548813
1750137
1464651
850793
397397
277426907
277315252
276799238
276385859
276385838
276377708
274376775
273569194
270505640
263294896
262570310
252393314
250100668
249576557
247253692
245774547
245774494
242502853
242101834
216387962
215950232
214655630
214189291
208062253
207771770
198772545
189601583
184918803
184284337
179980778
178483642
177207530
159881577
146271560
143668174
140617132
65472222
61569295
25728631
11376871
277528289
277528141
277313154
276385778
275195346
275185674
274053010
274040847
273494705
273424545
272476336
271914027
271257433
270701654
262695543
253213296
253213284
252585908
250098345
247719177
243223412
225242357
215343402
206687561
185395254
180222863
178057467
177056790
176893804
176812858
169375449
138557032
91395173
52683201
38322058
32429495
11502537
11502533
452604
433679
276755929
275967615
275568287
275272525
275125099
274986458
274951877
274930153
274596897
273546977
273387473
272358147
272300915
270895783
270845295
270065392
263861710
261966127
253113502
252795313
252755683
192950436
183487384
176812447
160552986
159786538
110892927
750382
341703
276830448
276385858
276385826
276385760
275607489
275421873
275419301
275195159
274821577
273646354
273519406
273442508
271165449
270758081
270745131
263587769
249217778
249217763
248774589
242101710
229810623
215378090
214933012
208438057
208187090
204806041
204083476
201346244
200002504
192861539
183683264
178211323
178037864
176779867
175149108
172476385
172024534
134436675
111979751
52683195
276345441
274994496
274286932
274185280
273587900
271296037
270708061
270179170
263848870
263084885
262861357
252185809
252065134
251999308
250230460
248826935
247841140
216226045
214930447
210524098
210277377
207976788
205614483
204621825
204621807
201391321
201089925
200520699
181911909
179207907
146226584
106349534
77914180
53770331
53749140
37966561
17336362
15423419
3549401
3548855
276911031
276656691
276348717
275321308
275308358
274919762
274686563
274670428
274544753
273983791
273457108
272134261
271023139
263294709
263104126
262463679
262453026
242789044
214595287
212753639
210760796
209863885
206771220
205849004
202053013
201390159
201089915
200785669
195651739
190553915
186165469
181783104
274537296
274076128
274058476
273557745
273106226
272966800
272856932
271913243
271198758
271073670
270504532
263107146
261945681
251588046
249881528
249238005
242810819
242504647
242502846
215342981
214582341
208065035
205617674
203498052
201547895
199846998
195219646
188783903
180218730
178219004
177319642
174443069
140620711
118150211
114945019
68619859
27612075
277548292
276924498
276843050
276801105
276508648
276390734
276390732
276309544
275341885
274773709
274686535
274553405
273578960
273511821
272186759
263861790
262453028
252795321
250339708
249151880
249107249
248703285
227292489
215727556
211951584
209863890
209403276
207752564
200672338
190337312
184410322
182106036
114895488
78488032
77914177
69644462
12008147
4687437
2126097
398864
277543282
277528162
276756335
276390742
275272520
275272489
275272487
275272479
275260546
275255395
275145341
275007117
274526942
273605730
273474510
273401213
271095727
270110984
263294817
252795306
252714246
202604438
202529576
200679129
197212195
197162072
195715825
193145399
183216274
137941679
136979006
129138369
129138363
129138352
127031821
53935560
36627451
24954156
11258648
463762
277375916
277312254
276489110
275085979
274988490
274670414
273303191
273288948
272565137
271126591
270268059
263989091
253362686
253362682
252755704
252714274
252062285
247294373
214517753
210278154
199143442
197354598
179530865
176428048
146271360
137519177
129138318
127031604
84875284
83432623
34749519
277528780
277342151
277021030
276843087
275452857
275308021
275062728
274919764
274528145
274526807
274182949
274093271
273606868
273605948
273605942
273473475
273473435
273289549
272844507
272839044
272616453
272253939
272186959
271375762
270885426
262550942
252011888
251999546
250339712
249268868
249268611
247878987
247335492
242502839
216213520
215727633
201089849
197602465
109135940
77221479
277239216
276385880
276385794
275228849
275228730
275215345
274989487
274407378
273619942
273157732
271376269
270504706
269894687
263587763
263241973
263073636
263073624
261995921
253384720
253321453
253213286
252973718
252004252
249877505
242504920
230098369
230021101
218763126
217125809
215123457
206639899
202016057
201308378
200628398
188492926
180221858
177155735
158604169
139107141
20102096
277427796
277411512
277316376
277312799
277240664
276924253
276385884
276385872
276385799
274886316
274832787
273645957
250339659
248754846
242502832
230038196
212956235
211951585
204621966
202604442
200650995
197162224
197162150
190505722
186256495
151950550
143144314
115801777
109862123
53925277
927156
277426752
277399832
277316349
276456238
275926262
275638279
275421680
275420567
275419088
274877508
274528351
274064108
273943902
272833380
272237255
272163431
270953856
263107157
249962278
249934535
248524994
247566120
242727855
242504651
217125656
206651179
203770563
202529628
201308179
200844834
195219871
155210867
118180150
113527448
106996471
98127888
84566224
53925285
24490040
14764599
277441135
277407330
277272157
276385836
276385834
275586473
275229342
275225758
275195237
275070325
274820722
274389757
274058295
273872063
273609872
273305027
271499421
271198740
270114537
253069043
251588075
249574739
248707432
246167586
245776334
245774511
242718534
242618833
242502849
215378085
209863774
207730029
201385842
201308215
200002880
179988545
178212469
177682585
177280148
177267287
277585463
277508585
277499646
277263943
276928800
276745471
276385862
276135568
276031564
275125100
274951892
274379469
274352352
273643822
270845297
263085436
253297719
250086180
249825530
230110406
216933901