277416550
276847100
276754459
276672055
276672053
276558661
276521908
276414701
276259679
276065442
275854398
275466364
275466280
273309562
263401693
262804723
225386434
207934259
197615062
197516456
185006183
170063967
76023602
73875108
73854345
69980933
48928980
46206233
46206082
44201055
43051849
2790557
2790499
816816
777497
595751
595738
595726
595724
493933
277041785
276777636
276744024
276368692
276194958
276035336
275947391
275531778
275480719
275415908
275283360
275224253
275174711
274678787
271846465
263393683
263392133
262037420
257847879
257787223
248678143
216520080
215560792
200726992
198301224
197516491
190502238
176937688
171108471
170064376
170063753
166541225
139730453
118693074
72851586
71928865
46206221
34746225
2207745
724279
277344654
277312406
276639117
275283354
275079827
274823490
274185944
274005448
273794659
273587916
271452049
271319408
270812885
270182448
270147059
263394057
257856342
257847852
257780579
257771697
257771693
248182664
243089020
205692319
205506362
190669530
170064374
156234339
149767123
118792394
54629212
43948990
35723005
4061017
3748987
777548
777546
777543
631754
606545
277416544
277030915
276636255
276635744
276114930
275283358
275250932
274865866
274824224
274367994
274172950
274096569
272058867
271846266
270501909
269017991
257847877
257847869
257771690
248614517
247465851
247465740
197595360
176926438
171057415
170064430
166625890
166525229
166293871
165236077
155595149
106752940
66471595
777570
777565
777550
605262
452322
452315
389621
277436459
277344619
276848837
276798722
276368682
276368680
276306190
276306177
276106904
275172392
274957791
274544382
263450649
257847861
257787195
253188082
247705458
247465735
243059464
225386506
216464514
215040309
214893567
188694727
167382672
167366416
167343530
166536940
148636660
121269771
118760060
118296855
81255255
81186167
80759915
80646270
80485328
816804
777545
777541
277562693
277562691
276521928
276408624
276114928
276056109
275962547
275907560
275590533
275583625
275540455
275480750
275480739
275129010
275080033
275050521
274870103
271452220
268504629
263394386
257787111
247705448
247465721
243051187
243051136
199706092
192950957
176872518
170064212
170063996
170063256
167613911
160207707
149771835
146274618
141949861
113204115
277041763
276840192
276566133
275907435
275490997
275465953
275415946
275380075
275283242
275231067
275206302
273880751
272850423
260852349
257787237
257787196
257787129
257774317
257771701
253188099
248614805
247921381
247705450
235882946
230241354
213698377
200725365
173189729
173188925
170064595
170064218
170063887
118777744
118284956
816814
777549
777547
625465
452308
276777363
276566122
276028064
275540352
275539757
275384339
275379943
275209907
274761530
274598395
273987449
270139510
263347856
257856345
257856332
257786653
257771699
253188014
248678299
230241362
230241356
197595391
190619572
170064724
170064486
170064360
170063918
170063872
170063818
170063375
170063358
167614658
166524310
166480560
166404938
109343487
98966043
81500172
777544
684606
276762202
276651361
275841515
275813909
275539086
275537145
275491267
275384312
275254119
275239105
275238973
275126442
274880496
274191793
274173269
273357072
272990476
272394554
257856350
257787241
248678060
247465841
247465809
235882952
230241384
202529538
200727250
190502236
180957739
170064615
170064078
170063448
167615266
166545425
118777279
118202781
80886066
80531019
9689045
616472
275962583
276848615
276826024
276825990
276798626
276777751
276777373
276777154
276754461
276636273
276635115
276566141
276455196
275548094
274994111
274559047
273662099
272467344
272466830
262694160
257780562
257780553
247465790
243051144
243051090
197595393
197595383
197595369
195742096
186620131
170064542
170063545
167613837
167613662
167359951
165235528
98957170
80583727
276862709
276753334
276639249
276635151
276635136
275687759
275539078
275492320
275491761
275418646
275380793
275379913
275260848
274960061
274960034
274877752
274832908
274595517
270925753
270886463
257787268
257787247
257787239
257780571
250095746
243051098
181909476
170064674
170064660
170064638
170064573
170064534
170064403
170064151
170063847
170063831
170063379
127190758
108198003
26078801
277042553
277042416
277013703
276806910
276798980
276685324
276681402
276680938
276639274
276639272
276639204
276636204
275544664
274923726
274785203
274454095
271101809
270845548
260845116
257856333
257787141
257787124
253188135
248678078
243051162
243051106
243051100
237286224
201146344
197595397
173189564
170064331
170064263
170063832
170063294
167615290
167613859
166390012
160754913
98501274
277253372
277233419
277172165
276798567
276777397
276754443
276754441
276753524
276681049
276672059
276636314
276636249
276566177
275962520
274954585
274660084
274004828
271966137
271557193
257786663
257786652
257780572
257780557
257683139
248678491
247465730
243059559
243051132
235882960
205538224
167613931
167317986
167211833
166549304
118789330
81224172
80932530
35604893
277253666
276752263
276744027
276685433
276685357
276681449
276672088
276672051
276639180
276639152
276639078
276635993
276635075
275406070
275216273
274173345
272850795
272463826
271101922
257787127
257786744
257780566
249659538
248678667
248678288
248678087
248678064
248543704
248194625
247465863
247465803
247465732
197595405
197595381
167615448
167355653
166537175
118763319
118281735
80899950
277562687
277378211
277267361
277042424
276777726
276743976
276566137
275608583
275540578
275492711
275490953
275480723
275384132
275384102
275381521
275381157
275380885
275378684
275357144
270925756
270790315
270241769
263060460
258858415
257787139
252079204
252078926
248615849
243059447
230241364
197162358
170064726
170064353
170064147
170064127
170064002
170063894
170063863
92904519
10767503
277394812
277228780
276798978
276798403
276777114
275537295
275492298
275418648
275384307
275381300
275380573
275260469
274959981
274560522
273794891
270886468
270704242
270450993
263060386
257787133
252078883
252078289
248494655
243059483
243051094
176119709
170064435
170064319
170064226
170064118
170063822
170063718
170063588
170063477
170063341
10767505
9804239
277232166
277172159
277042498
277042410
277042372
277013804
276826007
276798389
276798372
276798276
276764050
276754451
276754447
276753806
276680961
276672019
276639270
275068475
275037823
274783125
274559417
260859356
257856330
257847856
257787233
257786727
257780577
247465734
243059557
202529238
197595359
167615485
167615052
166533553
118762430
118209109
80702045
80626055
80483227
27864604
277253646
277233380
277030833
276806790
276806770
276806713
276797429
276777454
276777303
276753946
276744088
276680998
276639268
276639243
276639219
276639113
276566151
275069216
274559885
274453940
263394902
257786733
257786661
257786659
257786650
257780561
257780551
247465738
243059517
243051138
243051104
243051102
200725331
197595386
181257309
170064191
170063657
166503364
165237384
68119406
277042458
276883842
276798303
276792591
276657555
276635717
276490088
275786672
81509987
81239535
277228161
276798992
276798663
276798426
276798326
276777782
276777354
276754463
276680930
276672061
276566163
276566145
275722377
275491198
275380394
275380125
274953440
274644165
262694416
257856339
257856335
257856257
257771707
253187964
243051158
243051118
207280989
203084218
200726962
197595403
170064536
170064347
170063678
170063540
170063286
167615236
166537380
68072117
46206219
36155196
276862714
276635786
275492830
275492151
275480741
275480717
275381170
275380933
275380860
275260860
275186848
275093963
274960004
274958411
274876340
257788482
257787255
257787245
257787117
248678400
247465728
247465720
243059521
230241372
230241360
230241358
203084516
179535657
170064714
170064702
170064195
170064086
170063902
170063258
167615460
118773493
118761178
80879116
80877980
48982021
274970376
243059543