277435955
277393740
277348549
277314379
277228095
277003428
276567641
276439755
276376962
276346703
276247877
275688024
274634508
274375357
274171942
273549047
273114476
262695633
212356656
194960744
184101365
177767360
155463025
140360874
108715084
108501279
104074997
101583263
96616370
93249197
74684484
74616448
70016684
59262880
58627110
55506686
53479462
38419977
5112975
852113
277045425
276404927
276375010
276286447
275844089
275793521
275406591
275093512
274805364
273744608
273708816
273623137
273134763
272852831
221225653
216226700
209349142
198197156
196001716
195845908
193895771
184633829
177746981
171055469
170345811
146735967
125189177
81323246
75601401
73810559
72543165
68554548
65794213
58971674
57243163
14983742
14645351
5402867
458014
408856
277555157
277435962
277339283
277172995
277004498
276642066
276482091
276079795
275875722
275853512
274949838
274872631
273910318
272305937
271218680
271021986
270700055
270502010
262461884
196180852
181938694
136941161
136340700
111271288
99461647
79539096
78631648
78631646
67991696
65444072
59548351
56256828
48480447
46107068
44934855
38567500
25775304
10704434
1040288
545773
275948580
275890217
270260011
270259820
261830075
260810980
252780943
208907284
190463820
187642333
184226416
181131156
175700773
169640939
168181394
136939552
124250341
107331062
74362504
69838446
59291594
49180968
48657015
27979420
25980377
19774806
7556499
7393449
5436013
2363009
1648937
1559501
348077
277482471
277482436
276344692
275948808
275874295
275034810
274991391
274757326
273725038
272645801
271700544
271468044
270757156
270480547
270120659
263750089
263273826
263272708
262525573
217539783
208623767
208623661
199196914
171938406
160214164
127814264
86977698
84894442
76601012
73789036
68554039
66580085
62648437
56267522
55079531
48585379
42975887
32352092
22172634
434880
277502019
277186536
276887077
276642076
276344685
276344670
275806504
275697931
275612568
275551627
275429552
275216705
275142484
273911713
273244339
272270983
271972241
271585617
271518937
270771713
270769984
201615310
197656321
190502240
184790648
179912823
171580968
171574333
115254458
92714195
77243054
56267690
54025540
34154887
13853119
12656351
1582319
1015864
958060
584154
276407385
275603351
274756393
274350377
274165523
274018369
273948949
274754501
274394742
274363650
273118802
272557084
272405391
270715754
269897378
262811895
262730967
242995008
230239404
216216815
212992697
208682469
208622868
201712778
195520478
194198448
192950679
186693257
178729570
177763458
176906739
163566627
83664135
73768265
67477622
22825044
15656515
9609167
1085392
826455
277585998
277184465
276841870
276488540
276369397
276306219
276023867
275423469
273911308
273688438
273655355
273633864
273398359
273096112
272564409
272283659
272048169
272048161
270773659
270131182
269900447
262780676
255175542
248613065
216216814
212920392
204056881
192949220
191444202
146275457
142211332
115702579
97541475
81255697
71907878
37134989
36155192
1535533
357650
343533
277502033
277004432
276674132
276653799
276406227
276383621
276247999
276109467
275705702
275201021
274872975
274118563
273773823
273558910
273411180
272830338
272349558
271234716
270747265
270131223
262934904
253150677
253052531
246772903
195791438
177767600
176906726
170466519
151377798
129584708
104672335
86331427
72913062
57707227
55078233
1574857
573655
532163
455266
441922
277253405
276502265
276473825
276067772
275359396
274755302
273896669
247680686
217492633
216216836
214889675
209303424
184248015
178711335
160395025
139066351
129138651
106362448
104804770
92732206
88043276
57243159
43815636
26355065
25757493
20934341
16832492
6580567
464151
277412547
277003332
276130424
275016867
274963372
273902025
273713442
273624229
273454080
273356527
273257103
273029033
272639176
272432304
272351881
270785867
270469195
270301628
261840916
255349511
252877933
251395952
247429118
216216901
206376382
202224717
201296286
193895773
192949854
192903495
190171503
186129011
171587812
168946125
155770903
111582624
96616364
77184027
978818
569636
276440962
276106217
275429474
275066397
274995789
274628432
270905974
270808149
270774857
270548711
263592677
263413030
257847632
257788923
255175530
252881876
251535131
247729657
221229392
216216824
192950042
190337314
177921861
173515445
98162159
86540825
81135093
69660280
62004699
53495951
50495437
48699911
32701096
30162705
970374
612310
566261
486641
392485
361694
276923145
276436315
275377667
275266648
275092615
273976866
273867679
273713422
273699713
273658054
273622000
273621853
273314912
271343788
271070925
270548880
270161252
270138575
14071979
11466706
11307128
277173022
275357165
275183117
274694304
273713426
273511530
273503503
273456548
273417172
273260711
272448462
271531608
270771729
270744112
263486740
257759833
253238413
248343281
230056118
208917316
208063062
205961617
180955499
176789873
129138497
106362337
99056199
94348618
73170089
69674766
55079507
41139113
41015588
33751264
29812157
19661503
11860704
1645683
525849
454397
277551138
277482446
276801417
276483691
276347912
276330126
275774417
275346344
275114185
274948733
274527032
273655299
273360547
272351884
270774017
270335914
270122979
263981813
263956290
262656185
262392467
253628348
251535124
246208131
242616875
228617805
173093645
141960529
118796463
41932579
40995491
32002193
22482297
16980936
14070148
14025765
10913290
7256461
546621
367810
276674136
276568419
276543220
276376555
275085432
274900946
274805390
274708064
273947770
273725368
273714474
273471583
273341092
273215386
270700803
262747897
257759829
254086797
253469672
229805317
215727744
209608736
206335075
203448642
198898944
181992168
167614209
165021306
159060575
146274121
86733149
73108457
68459988
49505277
38120065
33736587
32351576
276848960
276502504
276495433
276458529
276385112
275342657
275018448
274593135
274442122
273417194
273326862
273228614
273157766
273157671
272310229
271535317
252881783
247405386
216216846
214815409
212475225
212474369
209349594
208406450
205851531
196372772
192903171
192623465
173903533
168234716
162343189
154041076
143933076
137592535
72040800
32077225
5524371
2422645
548026
277041037
276581039
276497005
276482890
275606926
275078185
275018943
273785866
273714884
273683232
273530665
273472459
273162576
273046419
272982314
272891317
271585715
252878357
252784356
249589950
242432091
216216953
215727742
212920645
192391163
191659414
189266507
188575695
186369218
147884737
147865645
138396004
102074810
67180418
59207488
51521482
51470403
42230604
34362738
686464
276383479
276350505
275950166
275500620
274989749
274825149
274756342
274587858
274563606
273950681
273083516
272645818
270745491
263303966
262745203
262037896
252880548
241748800
216462129
212922390
208686232
207947488
194819075
193208103
192950034
192949688
192903589
191769420
189529499
179720132
125638331
102141003
72758165
72543505
67180429
44540589
32219065
32077224
25037584
22472010
276509941
273934140
273681495
273659016
273511405
273475174
273463487
273314911
273151118
272183502
271222357
270786975
270773730
270751131
270703150
270131236
270052361
253308329
253103739
248554848
247567463
247321060
246772649
246772646
215544879
213741237
197623996
187769933
176522819
172313285
171625627
142403468
115254469
92551299
276375158
275731514
275645449
275089227
274825176
274004838
273624452
273408094
273406097
273167356
273085529
271931535
271392877
270716231
263179497
262903843
262044312
261840912
255176043
253628677
249019771
242433900
213691811
212992086
212922103
201932201
178831521
102140628
53107732
51107897
45349383
36828944
36388952
35910298
29812153
25663746
22172734
16254448
474723
341539
277184333
276568487
275882466
275863903
275716170
275466290
275021833
274549719
274394734
273990953
273851144
273708834
273634411
273479388
273464876
272398433
272349563
271123362
270714379
270705574
270145324
270102868
263948663
262654894
253285018
247755368
247264638
215733822
212961338
209606179
205894096
203247182
195192096
194198357
191371835
64451967
36319824
11973798
9185642
416696
277310802
276915186
275838980
274777038
274187326
274159752
273980462
273220011
271802914
271795179
270545025
262303721
261114572
250077835
247405776
216216852
216216850
212474148
210735229
209349674
198582923
189264083
184496101
163582125
127591196
115889249
68366667
35469776
32859017
22477329
22471998
20824149
13785708
1276569
546623
275890130
275822436
275206292
275092693
275078188
275019029
274545086
273641700
273597234
273467218
273458437
270773579
270769956
270548776
270126594
263980263
263119179
260922676
252784348
249161233
217493073
215136634
212992129
212474054
198889608
192378545
189536223
181808936
181808911
181771602
177969117
177617380
142002240
125732192
101447036
35351641
34750324
32219935
31207488
1044532
276047277
275671735
275078094
274604076
274456262
273746598
273713428
273398256
273257101
272844591
272238213
270992619
263046625
262526505
261972530
253420047
253271431
252854090
252283817
252192980
252126703
225210747
209610654
204005130
202328999
197062939
189035390
182460342
178528939
135411051
118890202
92552365
68563326
51088496
43342168
32409474
32404980
30990025
29812161
13766637
277317342
276866704
276334446
274397675
274379584
273725358
273645483
273636867
273521151
273503076
273237054
273099053
276583848
275859388
275007405
274237287
273829156
273648152
273645415
273271492
272836078
272284728
272284542
270769966
263957255
262084523
259535883
253238318
249671437
242616813
242499984
241785461
210513633
209411806
208907170
206077523
202840399
184415647
171953457
155463044
145399600
128635777
119931729
91998952
85185464
36700886
34380892
31519130
29812165
1044562
474820
409927
277399590
277395115
277392820
276674130
276458533
276458509
276375093
276008839
275425909
275362712
275004040
274756808
274454177
273729820
273646164
273166668
271961275
270785922
270751022
270480146
270478322
270469101
262885501
262745682
261973980
259514195
254080532
253456924
247297497
221224980
208643610
176789915
148807860
137941670
135419845
115657882
92959043
68229394
31825594
953140
273897513
273891429
273785830
273410202
273398274
273259184
273245104
272135655
271982264
270745342
270465278
270138569
270122991
270118536
262878336
262345702
258848148
254113808
253666370
252795403
252178897
251577747
248762161
246772631
242621132
230331640
217773729
215561345
195770458
195510347
185851744
182462903
178482398
93039531
85645667
77913681
67052091
35518470
19849698
1026840
253308370
253168759
248896466
242618778
229805242
215788748
215738489
202045567
201571489
177287572
158846324
127064079
114944405
67052093
42636828
12500989
275993142
275303260
274020173
273943559
273713539
273648669
273556775
273448885
273417243
273231809
273227427
271266708
270790796
270703637
270131259
270122987
263777017
262515574
262415255
262034828
246208413
246208381
230368400
230086336
230018997
229805230
213972665
208444132
208128939
207753199
195192114
173093655
166453665
154082954
152547014
114944583
112083206
22834219
22299342
13463304
273472578
273443657
273244299
271958143
271063311
270880280
270131396
263339929
263291963
263088799
263088781
262806660
253785263
253239609
251772669
243204071
243080777
242075188
215788801
208623446
206361044
204000241
200520509
183267646
180855528
178604296
148013027
143858313
127692132
113712247
85396400
75600721
68563334
55791400
53182379
43342171
22222415
20113818
13667260
1644053
276502269
276497286
276451780
275213746
275137718
275031776
274949985
274947429
274597703
274028754
273928918
273911434
273805237
273636530
273534837
273402656
272496291
270989440
270126573
263948863
263195737
262860721
262844594
262803974