277375452
275711182
274676787
274676596
274675728
274674792
274672962
274540571
274540537
274143797
274125819
273309617
273307860
272450159
271270247
271231497
268586128
263450806
262734657
262302683
225268486
225267571
212266969
212266967
212264999
209123913
209123907
208474714
208474523
197652362
197620721
197620681
197388051
160604186
160402329
107001722
101870619
73585049
7677767
489817
277377718
277375493
274677499
274675552
274674464
274673841
274672959
274672913
274142834
274135235
274133534
274124682
274124128
274122701
274118240
274117473
273019453
272894506
272450024
272448638
271364714
267339892
263207872
263207626
263085375
261821099
258666911
225267569
197388108
193196043
193101684
193101485
193101471
160654474
160654367
160604141
160402387
160402333
102758373
3765637
277375554
274675851
274540510
274133699
274133555
274118684
273306044
272916028
271250921
271220078
271189287
267342495
263984107
263209624
263097820
263097787
261799598
260968061
259786607
225266156
212266970
209399916
209123909
209123905
208476316
206248696
197897331
197652354
197652331
197530473
197530343
197388117
193101481
160604153
122521782
107001802
107001747
102758367
58710280
55285154
262851235
261799468
259771241
259695065
258666893
210514036
209333134
209319867
208963749
197388133
197388131
197106543
193101403
171653529
109878800
107004468
106997624
106997369
89481453
55422873
55285092
14941866