276411876
276407665
276104449
275215440
270454073
262674442
217181553
217180699
201305903
162019297
152705332
119699362
116902808
108224135
105614631
96584921
88096725
88096443
88095625
88073035
88067439
88055366
88054026
88007972
87960901
87959481
87943255
83750692
79407423
73402797
73402399
58961943
34357631
34357629
34357622
34357605
473527
465995
465992
465990
275762660
274969131
274966640
274965048
274046726
273029313
270454038
242724398
242629743
186567950
153518844
123442637
114572003
102759809
101916811
99045613
96587865
96584132
96574109
87960494
87959872
87942613
83020786
73402395
73402336
73402102
73402097
73402041
48458560
34767630
32224037
31519224
31518827
26149643
23400952
20859705
16165977
801572
465998
465993
277382819
277183729
276281604
275738277
275659960
274290906
272645752
270454065
270454026
262728561
217181467
203911360
173450041
171063206
169380138
162008393
152522159
142644761
121172738
119699371
108957390
79406310
78892867
73866065
73402577
73402391
73402001
63679314
53202493
48602077
48458566
48458558
48011542
47503244
29374734
27618863
27615449
23400942
23381826
452195
276506848
275762530
275737330
275215403
275131921
273953489
273214634
273176009
270130097
263949014
216828110
215101675
187839283
185654364
152843354
152837928
152528870
124611128
123442885
122216426
115136863
114948996
113792293
96574532
96574107
88238995
80961076
76153893
73669201
68985051
33455612
31518821
31516530
26149321
23418313
23417475
23401803
23401207
1270891
801576
277464197
276410461
276332287
275764458
275737201
275737195
262674448
225219775
217181203
193889834
142836168
123442457
103805564
102759811
58992417
56368600
48602142
48458572
33457399
33457027
33455610
33455573
27618815
26149687
23641202
452190