277426011
276409088
276267048
276150013
276101621
276062386
275920696
275920686
275920659
275450963
275450961
275196340
275190444
274955914
274954896
274941719
274941669
274941657
274470578
273135849
271234645
270683760
263201756
254137881
197422106
191755799
163821646
152192939
121228233
108220273
103284699
74207899
59378388
59361656
59359406
59358714
59357072
59355742
25538467
2292269
276919194
276150597
276101506
276078556
275932096
275507966
275507962
275507938
275507888
275507884
275418668
275382209
275128860
275117372
275117353
274955966
274955896
274944500
274941715
274941699
274941693
274941691
274717781
274626340
274378947
273879181
271455094
271400141
271303376
271194102
214824116
214000517
197459957
194958592
183923798
117722602
48010588
41494987
35507106
32225184
276150470
275920692
275920684
275508004
275507988
275507946
275507943
275507910
275507908
275507894
275507878
275450957
275117277
275117195
275117154
275074592
274956034
274955980
274764222
274719495
274442209
274438400
274418715
274418074
271240829
263488559
263201780
263047019
262655054
249153180
242719091
190555700
183921286
183920981
172164083
100286247
82390899
73402720
52416184
23377125
277481648
276430245
276150137
275507998
275507984
275507974
275507956
275507954
275507927
275507868
275128852
275117394
275074635
274955998
274955960
275507886
275507876
275450973
275117281
275074554
274843455
274843435
274764155
274721610
274687019
274686487
274686032
274681243
274060182
271408354
271314547
271287060
271100547
252798049
214001485
197499396
191770252
152186140
108264219
107375580
82938775
73402377
50216593
49129533
27615235
277408805
277349923
276683317
276267319
276267247
276067386
275931782
275929566
275928690
275615438
275508006
275507997
275507978
275507972
275507970
275507929
275507900
275507896
275507874
275117176
274955972
274941687
274843449
274417867
272839956
271312223
271311861
252160539
252159914
214059684
206140990
204916888
190695567
188655710
188413260
188409015
185397541
184131641
165071159
108746427
277378156
276919206
276755627
276615204
275508002
275507982
275507925
275507914
275507882
275507864
275117364
275117209
274944515
274941655
274763710
274762993
274758929
274720039
274680078
274626396
274470582
274442284
274418192
272476248
271298064
271278219
270328382
254137909
205969212
205964015
204931496
190824334
188784937
183921359
183920152
183917498
84873871
82938773
82938761
32223292
277481646
277481644
275615470
275615458
275615434
275507996
275507994
275507968
275507948
275507923