277554512
276718105
276244646
275592363
275332782
275191049
274057079
273894326
273537705
262783981
253621800
252905851
252385478
250339500
250334911
216090642
206491167
205707537
197639028
192833921
192410617
180226005
157432544
113583126
112332742
108261354
108261352
90331558
78631501
78631497
54924219
10271803
7948461
7626371
6926849
2225131
2225129
2225127
653989
535153
277453041
277024047
276841320
276605712
276034328
273894304
253468321
252135989
215647724
206491171
206491168
202961313
199121552
195801294
190861739
180576266
176802894
173383467
173033322
146271571
145092101
145092099
109505039
98955608
74416874
72000017
54672825
53581170
52611842
46749897
32155084
24822997
20444622
16570758
10595494
8120020
4940237
4040663
724824
403734
277312416
277163884
276931382
276657918
276375319
276105069
276035415
276034415
275906703
274896075
273491620
273441606
273314425
273059040
271433640
271433636
271409483
263592667
253468313
252871233
192927410
192158504
189658936
106701001
105231434
104273044
54917257
53467583
50322332
26945773
25124110
12280739
5953155
959159
959157
959155
566076
547048
437786
437723
262914939
253059856
252976064
217158899
215646788
215646749
215646741
215643093
215643006
192473960
179764599
108842591
87993231
72635970
59499084
43590953
36391951
25130524
22649771
11253058
6932271
3308393
2789617
2465695
1914381
532982
354260
276931383
276751168
276163196
276036136
276036087
276036059
276035522
276034366
274058908
272998494
263918534
263103903
260795520
252978629
252905631
247061131
242739231
216943839
216936851
215646747
215646745
215643095
204009117
198858920
193724131
190506139
181472504
181224366
145092110
50319309
49377688
37866684
36313092
31658833
25553012
1735815
1667141
959153
563343
534933
276320245
276035504
275581733
274892439
273909725
273832093
273385752
272908885
270107284
263584980
262694900
253089431
253071273
252976246
252602439
250559438
247892305
214753076
212326118
196516211
193723580
188783862
172992645
113456361
90589118
87446983
55669406
26945890
22634380
5023507
1020628
1007133
777433
777431
573200
497525
497524
414690
403755
354830
276751083
276191267
274059003
273916339
273847623
273816914
273699739
272844511
272620389
271515320
270492806
263899235
260107652
74854777
32802807
31658895
24823000
1822071
553955
437750
404769
277449198
277449176
276658776
276657708
276191375
273648335
273587914
273450909
273289087
273085508
272185774
271588957
271435095
271164373
263987989
255176155
255176151
254123494
254089575
241667757
225211757
223720073
214949349
214189153
213936027
213681845
207640326
207503111
197862355
192949306
191258871
186600076
181472766
137410449
115494508
108587997
89792631
77231317
49868703
2848989
277449724
277449723
277449717
277449708
277449699
277449698
277449678
277449672
277449571
277449422
277449112
277449088
275030543
273363376
263567147
260795502
260795492
253068912
253068877
253056995
247060848
247060694
247060597
247059836
215646325
215643459
215643008
199108882
198562015
195573597
192948976
192020703
188050638
172177483
153466045
84736500
74855029
74625924
44911502
39335865
277449740
277449648
277449551
277449258
277449213
277449206
277449196
277449184
277449177
277449161
277449125
277449109
277449108
277449104
276658850
276035389
273900333
273540113
272200168
270772287
254148833
252166930
251984827
251984772
225211761
213691721
213681763
208917644
207503047
206483314
202062582
199648792
194960651
125640325
108830972
103474836
63538258
46749903
28282981
277449722
277449703
277449645
277449440
277449158
277449142
277449106
276658753
276658108
276657597
276061383
273584853
273553695
271979921
271779764
267342723
263565185
263098588
262971969
251984862
247998346
247901043
215646106
215645323
214189172
207244634
202961675
200851989
191266846
191256241
189365910
189035903
189035727
181224359
179981508
178113416
115660554
101905130
90414355
4077719
277449737
277449713
277449712
277449709
277449685
277449597
277449540
277449458
277449454
277449445
277449410
277449236
277449221
277449212
277449195
277449192
277449172
277449144
277449129
277449119
277449116
273845864
272918033
270702529
249937906
247061030
225211777
218754789
215643097
215643010
213691770
205815394
202627916
198698458
188059544
181224388
148866361
46749905
41099498
36704650
277614630
277449584
277449235
277449173
276658080
274826256
273953831
273695403
273466157
273028698
271826188
271782390
267342735
267342724
263396111
263272843
262665986
261989871
261989612
253619337
253059336
252973748
252962360
252354645
252281900
249766388
247060686
225211723
216748497
213681056
207640316
207332198
207244636
271498969
270541605
263932477
262057540
254148826
247719529
235288921
230199877
225212211
225205430
215089984
214516992
194118587
193723639
191814008
191258302
160793333
136539480
90143946
50426797
277449716
277449693
277449682
277449573
277449462
277449452
277449443
277449408
277449083
273678338
273059047
260797822
253068950
252975809
252972483
252953285
247061400
247060593
247060588
247059914
247059809
225211719
215642325
193724265
181224346
177703663
173399076
161245854
84992110
65030357
59995867
55282640
53980603
42833845
41015936
24823018
14458907
4077717
3953701
707397
277449586
277449191
277449189
277449188
277449186
277449168
277449157
277449152
277449147
277449146
277449091
277449084
277449080
274614748
274058968
273989025
273847614
273845862
272191193
272186982
270492866
270492703
254148803
253791250
252770323
252768900
251546315
218754781
216936982
206483319
202241989
201432125
194960465
193723611
189255117
178957583
178113889
137751478
108598226
26074557
277723002
277614590
277449688
277449585
277449229
277449114
276915859
276658856
276657674
276657582
276105071
273894004
273850751
273644487
273592174
272844513
272830095
270493058
267342785
252079365