276328911
275283408
274143631
269962268
269961312
269356687
227378965
214507156
208917559
184476671
183314050
181102227
181102218
181102217
179489860
174629240
174382915
152384874
145093738
145083683
145031376
145031076
145016663
144924349
93347042
70316856
53716263
49185590
45606515
44984947
44055766
43841878
41903823
41607513
29569572
23305454
23227088
11501683
7615136
6498541
274141922
274139872
274139858
274107731
273850246
272933344
270481213
269703692
269356853
242228787
241676938
214774226
201872468
184916088
176582979
174445563
152385332
152385055
145131206
130287426
116588147
113495997
76233129
72217935
69838985
68669344
64707791
57320319
45882544
45352301
45224182
44295063
41589701
23305463
23305461
23305456
11501681
7615119
6498383
4495791
274552494
274143561
274141305
273679182
272192139
271419782
271266103
269651433
269643601
248498974
241672987
214823855
198815045
190179912
159381444
152385165
152384889
145013885
140956879
132302743
130458740
76183731
70316874
64710510
63271433
58337925
46062080
45895070
45689776
41593919
41588946
23305467
23305465
23305453
23305451
23305446
23305443
14055149
7615132
6498363
214761322
189657570
145031066
144988526
136076593
43113086
23305459
23225726
12119690