273458283
272439429
271237740
259610797
222705136
221810021
217181842
217181547
191504401
187839333
187836819
187836795
185654387
171652264
141014184
141014141
141014108
141014107
114571954
111059121
104375493
96585612
96579912
96578103
95060759
91457764
89482925
89482218
89354045
89336916
73402542
73402522
73402146
73402043
73402020
44957524
41731411
41596986
29358923
29358493
271720149
263064052
262674829
262674666
262653890
262037985
262037948
258752243
217181607
217181560
217181382
217180864
217180680
217180579
215736371
199597154
198562430
176584941
171652291
171587921
160217363
158634133
152179035
123442424
123442226
121678663
121243432
104387300
103867638
97498765
91457886
91368374
89317427
83020982
73402501
37646232
33454108
29395563
24646180
24547339
207163066
192951875
119315267