274675934
274674580
274674310
274672907
274143993
274133723
274117484
271315194
271315145
271295925
271294327
271098980
270073029
263101044
263098470
263097513
262909860
220683266
213863143
209389712
209053740
202961883
197897321
197897319
197388123
173945044
147575697
121678639
101870756
89481469
58710197
32196817
26170004
24166172
12193952
3856837
3849549
574282
519382
489716
277375556
274676184
274675598
274673393
274123900
273310373
271301368
270072953
263179590
263179582
263104274
263097536
263097505
263097483
263097465
262903871
261840789
260798094
251276442
209406127
202962040
198285243
198285231
197530463
193109442
193101539
192951484
192951177
191779597
125506962
122521772
122521741
117375029
101871814
74207878
25204031
3856831
3818715
1616547
1390031
274674866
274674582
274673651
274673480
274142363
274133719
274133125
274118722
274117589
271356293
271354515
270141580
263098942
263097457
263085342
261840878
258673205
209082558
198562153
197620732
193102053
106351386
86424451
26143322
26143134
15908440
9950318
3818711