276525604
276252079
276231573
273119845
272617901
272261046
270660213
261985961
261971257
255480975
249856790
249374002
202879294
198644079
197657913
195801643
195662905
187843292
184774173
181699672
177487151
172545674
167210779
145288026
137694321
121635154
120219394
109017985
99513994
95289208
77324132
75455518
74981856
57211757
3639597
3304875
1702825
1392933
657307
487393
276963578
276886449
276238829
276132425
275711120
275101646
274319420
273717782
271394397
270065407
263980366
263514080
263452116
262663936
252035390
251279421
249288352
205148082
195658376
191045567
190705661
189940724
187843299
167210781
55582278
33596832
20889775
20750207
15686501
791814
644076
580321
580314
577078
576981
566716
563995
535576
520337
453375
277438315
276943126
276525173
276445890
276107758
275987657
275576884
275571104
274327415
273218963
272811062
272463931
271781004
270875719
269959658
263053855
258520741
252131254
249374021
242725099
242654259
219148744
208415031
194205626
193736699
185888686
184466862
174896123
174444186
161633747
77221133
10281302
10104785
3304859
1816789
1659979
905811
575792
548691
475357
205986078
205694775
190705663
185435293
162025653
137260077
98301115
95250841
81499976
60808682
36710676
1696345
814272
772194
625846
625756
573320
549856
548073
531672
493240
474255
444785
375842
298999
276059185
275888780
275888377
275854238
275482171
275335271
275022936
273043906
272915164
272915046
272811069
263515815
262037752
253656612
219148750
195801705
192894204
180736985
160759007
127654491
122576756
98300981
96389678
84875363
81506490
74689089
58437180
32308846
19844964
16212465
3343899
2884145
823874
610596
568515
558407
529087
523820
505786
417289
275896534
275611105
272913655
271949678
269980532
263393497
262806667
262054855
255466301
253656615
251984824
248957261
222627369
217478984
215897801
207256601
201857053
197590307
193525496
187843295
183683394
180720163
179796003
176835366
173748413
135552423
130439444
113528647
108493404
108130857
79366556
54057021
47469961
2003123
603867
553829
541151
459037
441931
376124
276939018
274828155
273948957
273671887
273356380
272918180
272577675
271848635
271613434
271245618
271245599
270925528
262066378
252671760
242504259
6670109
3723929
970216
592929
546321
504138
497529
444497
277381892
276701060
276529066
275806193
275121395
274986929
273747868
273711852
273711371
272938288
272811056
272223011
271394707
270421244
263703110
262055134
251590737
217536280
205039752
202604337
188534368
186670480
185674311
170870021
151524164
136332913
120076002
107348362
84875360
42873133
15540967
5154645
916876
552550
550793
545015
532018
494122
440964
335375
277038946
275943334
275407373
275130697
274174927
272638876
272353238
272349618
270181856
270120780
262551731
262469746
262055751
261982686
259535601
259310852
255317233
206995381
203494219
190455477
160552981
153491598
144522810
134796208
127591497
98740445
95250021
84875294
80968607
76781534
33543746
14464751
11656091
7798044
3558505
2063941
871869
655964
638638
558342
277269943
276593714
275888333
274139605
273914341
273245208
272376609
270067838
259535595
253298980
242502657
242502473
235346444
207933203
207027226
198127924
197638709
195996557
194087280
158868305
157824603
151994933
128649316
127338432
102552255
98301124
84875324
84875270
84866584
77942823
77942783
22154362
273284885
272239926
270954760
263584515
263580655
262055126
262052866
261975737
261967867
259310978
255455617
253629857
252633378
249052258
207332489
197636801
197214112
188533804
180530954
178831358
176063180
157118136
142996086
96390043
95250166
89591446
84875370
84875312
73311824
46789753
17961774
4067901
433031
386412
276493483
276179889
275987959
275892526
275888537
275114144
274033286
273216976
273122133
270476425
270302760
257787169
253298987
249777041
235664406
214148571
207502895
198899333
191422679
182124474
181895544
179746768
177886577
174605359
169959283
160552923
140221906
127031700
98300943
92552028
84866563
79436167
79378100
77942694
16258007
637360
516133
512561
487396
475659
276164686
275888430
275888402
275570992
274107782
273835124
273707455
273566718
273304976
272630207
271518319
270052664
263584454
263096668
251756026
251274437
249575765
225195111
202507851
197217858
195547994
195328356
190110361
179954240
179540602
176779826
171745382
109862072
91645990
84875362
76527175
54925142
48210088
42459046
36300600
21709451
16221097
574968
525496
478479
275896468
275571726
275569891
274826711
273852809
273851481
273902520
273331604
272856013
272583531
272366887
270503946
263752219
263580732
263580673
263514060
263058607
261968844
253248315
253040796
249660995
245769677
202604428
200790415
200634065
195835727
178951170
172024587
160553086
101683190
90376174
78488036
78488027
53871554
53833185
48541378
36710281
20270745
6585167
436926
376985
359653
275326645
275276634
273979006
273870887
273281822
272844503
272147447
270492307
270058136
269969924
263096666
206482405
201477642
200779110
199118662
196157253
180531129
178056795
160553076
160552954
146225235
136752346
133000208
129138447
117791483
96389815
95250476
95250126
91544544
84875318
84875298
78488040
77942889
77942831
67870657
14056058
1953601
553858
532020
411315
277480274
276901768
272596920
272303765
271585673
271070923
270723755
270512377
270173286
263583862
263560249
263209279
252671726
242502805
230084329
215768386
214938263
214921423
208741226
203950118
197627248
195316880
185668605
183223188
180870213
179113755
171549961
127591385
115872956
98300999
95250644
76753146
55425084
46107062
15267833
13577101
8470172
563621
386618
339440
275327590
273547235
272359498
270852004
215914543
215778973
214189452
209399512
209377478
206205044
204879320
198414597
196579509
194114028
193720288
96200979
77942737
53872066
48156457
8175875
5809353
3876409
276135570
274853770
274848506
273959359
273902522
272982307
272644324
272238845
263583809
253397860
253238322
249600695
249029894
247867552
244307689
242502673
209885948
209863843
209400975
209378240
202529258
200848857
198956582
190093977
174608099
127031666
125619604
114856008
109861988
77942875
77942833
77221548
76753166
55582276
55582232
53871386
19575497
1615913
605706
497528
275569893
275504713
273786778
273744804
273197289
272834205
271336094
270211118
263587270
249972837
249253444
248543413
246168804
242716771
242502212
242443802
230261153
214930675
208644422
206331219
204895987
203592350
203468688
197646146
197636122
197624118
184617691
181979555
178004354
176056522
154248457
113529060
98301055
95250267
74209377
38089484
2674461
573641
563620
557164
274365627
273672035
273278753
272397110
270744143
270243038
270184493
263807997
263703120
263580719
263580705
263097442
263088287
263076929
262694448
253081216
249646339
247273593
235350692
213998011
212556394
207280262
19578545
814016
355918
340138
277554336
276699734
275896502
275571771
275065826
274068240
273583013
272527350
271484894
270924752
270717265
269137861
263755096
263583757
263201162
261968085
260922675
253298823
252867310
249355301
247446338
247406230
214938283
209377514
205807519
202891556
200849118
195895304
194179846
183282615
177915334
177339255
160552956
137485545
101683249
98301180
98301165
78488022
42873189
11384809
274033267
273868616
273868483
273442401
273425557
273279876
273257838
272300547
272240992
263587657
257866624
253100926
249646672
249349228
248523202
246168810
242502196
230258873
222265116
218752333
215768382
208101035
204428460
196849355
195318833
183484098
181238070
180863723
180223022
177887742
177642978
174301598
167614839
155200262
127033138
120183592
98301144
95250695
68417332
26121484
276832462
274033399
273879616
271101013
270822297
262803370
262512838
258284601
254903628
252596079
249285402
249205034
248880611
242502794
242101992
225216905
218735500
217778087
216462192
214004749
213964062
213931225
205471592
200631458
198127986
197647357
187954623
185410912
182786927
177616171
176875342
136482278
117315736
116126076
95250008
82702645
273987247
273914350
273817374
273817368
272615788
272444160
270103837
270057977
253275525
253265759
251279258
249775738
247296295
246851652
242502476
212462362
201106689
193524934
193433942
190096912
183329999
163831422
158868216
153493625
136076599
118236878
98232755
76756490
55355802
53872081
19582912
17000933
1535541
564789
276058675
275569897
275034361
274838628
274380806
273868640
273868617
273868558
273844374
273844361
273025503
273019216
272886592
272412141
270745744
270320014
252784126
242502788
225918469
216462157
215773577
215768384
214908811
210155894
201599706
198904348
198894908
197629289
194088338
185435301
183509975
183375661
179375683
178057870
176812872
137482106
135442945
115884526
68418122
68409681
276848293
276840518
273868453
273305031
272365908
272352570
271266221
270744118
270544980
270418832
270123193
270113647
269960592
258284603
253311028
253218893
252595318
252400426
250077466
249892027
248989389
247661414
246161766
230261055
229699837
221702050
217511098
214837592
206145433
203200960
198381550
193910748
192275348
192275269
161245986
153973063
127692097
95250164
15449178
1536047
276832102
275569895
274194557
273707411
272593773
272475937
206561021
206206037
204237131
203016662
201237724
201073334
197647181
188858883
177286641
160552965
160552958
157073437
137941628
127032700
113527179
98300951
96034309
96031632
96009635
77942665
76527908
53826833
15666192
14791114
275037425
274037554
273395985
272833623
272474257
270882338
270726008
263587653
263587244
262516086
253594366
253081207
252768731
250458278
249136515
247944132
246168814
242502193
230258804
217412346
215242481
214938277
208600937
207877617
207733034
198898287
197647179
197636841
196548754
195323813
195318878
192275551
179215206
172476209
153815212
153815197
152380459
148866377
137440297
98301162
277311550
276941447
275585313
275514332
274930281
273289013
273281846
271666855
270942423
270908312
270840552
270747322
270744235
263494368
251262661
249610698
249237690
248619258
248343272
230265161
220679300
216210070
215733075
214512375
214505899
204068807
183254385
177722728
172475933
171743581
171586424
160555930
127692442
117315810
95250898
74815716
883450
558048
521741
380059
276629952
276319197
275571725
274089806
273916419
273303297
272556159
272443749
272410254
272403727
272318432
270898276
270502020
263339752
252795290
249092584
198869104
197634859
188050703
179170598
178957541
176814072
172476276
139296431
109862063
98301217
98301088
96389842
95250016
77942807
11476916
550472
277312362
274090360
274028838
273921427
273270998
272497645
272360100
271433628
270965249
270959650
270725992
270483122
270482249
263110104
253298983
251442700
249971265
249349234
248543961
243094010
242502188
242232264
222598272
207503105
203068398
197629367
197629190
197622803
189201432
185024820
180222420
163877042
158745363
137444986
137440354
137432741
127692119
98301112
982875
556273
276882744
276025185
275570996
275152666
274198916
274005555
273936215
273906535
273552334
273467541
272359007
270744233
270717795
270053384
262552348
253665947
252762153
252759449
247821871
246168818
229698437
218735509
215773498
208058832
204068783
198824581
192692931
191945729
183335172
181938726
178056708
177209851
177056774
167615250
102140811
98301214
98301184
73356685
71957695
38461688
276314145
275896480
275028762
274357838
274084716
273979360
273969575
273827500
273356863
272423143
271245607
271133882
270105598
270071792
263493497
263179483
262692721
253397853
253281142
252795346
242502479
216983085
209378559
209377510