277370278
276295370
276245491
276138935
275941875
275883862
275793440
275793073
275792801
275786048
275571697
275571603
275571590
275571109
275062854
275025159
275024245
275019533
275018324
274961726
274961622
274673484
252401870
191779678
184765879
169887551
109767406
109765391
105664886
101870603
93296647
93296640
91089827
91089779
91089704
32221920
25204425
3529949
513888
513803
277369447
277364424
277180493
275883840
274678076
274677597
274677489
274676909
274676773
274676475
274675858
274675844
274675442
274674882
274674094
274673845
274673773
271542233
270808342
263591189
252436142
193107212
193102041
176713864
171592174
169887532
167607355
102758501
102758313
91998790
91985445
91984591
81939219
75405509
74621126
73585149
3686379
3529957
3529955
3529947
276929608
276149585
274677421
274677363
274675997
274675648
274675458
274675087
274673901
274673670
274673553
263083802
262792425
252561420
252557322
252557304
252556952
252556926
252460380
252458213
252455916
193107572
193107240
193107115
191780237
177860839
176714943
167019881
109767291
109767287
106351912
100285674
91985537
91984637
70155222
25205906
25204506
2245313
643040
334951
10787385
2245323
643001
550218
324062
324058
318795
277362995
276149741
276149715
276149665
274676525
274675450
274675297
274674482
274674286
274674216
274672887
271126856
263083877
252558720
252558043
252557997
252557383
252557343
252556906
252460270
193107447
172025132
171592769
171592119
122522025
114436680
113005075
112170860
112170723
109767276
109765294
106352132
105664892
105664873
101871040
74035842
54513230
25205109
25204089
22986107
276829600
276826941
275941919
275941803
275020200
274966696
274965063
274961763
274675391
263083770
252558515
252558500
252558194
252558166
252557849
252557361
252556910
252460301
193107566
193107226
193107003
184763764
177860841
171592132
169887408
167599147
160814657
150373006
109766966
109765380
105231876
93297532
91998933
91984684
90527830
89314557
86424386
74538178
73300854
2245317
277364456
276929520
276929482
276149609
274677641
274677627
274677286
274676211
274675694
274675121
274674696
274674672
274674576
274674570
274673476
274673450
252557333
193107479
193101369
191780615
191779589
191779391
190695471
184764662
169887399
150373151
122273546
116189087
116159336
109767424
109766917
109766365
101870762
276149502
275793166
274965035
274964812
274961813
274676140
274676088
274675600
274674078
273638426
263083738
252558018
252557907
252557749
252556922
252460305
198495249
177860817
174182886
171592346
169887410
122273674
113431044
109767124
109765389
105664719
91985264
80960296
51519020
32221999
25205102
25201998
550901
550790
550672
513893
318811
275030084
274677609
274677305
274676601
274676266
274675031
274674762
274674119
263083717
252557710
252557468
252557018
252460268
193109288
193107327
193107080
191823767
184766738
177860777
174182770
169887553
122273568
109767420
109767283
109767122
109767006
109766828
101870952
93297992
93297378
92004140
91089728
91089648
74538088
73866038
67966918
22988362
3666921
512909
318803
276929460
276369101
276149769
275941885
275941759
263083891
252560683
252558710
252558694
252558513
252558035
252557879
252557839
252557779
252556942
252556888
252556691
252460280
252458215
193107544
193107416
193107342
191823960
188786079
169887571
169887495
158868414
158868359
124526146
122521909
109767373
109767116
109767004
101871345
101871265
101871147
91089699
77702358
75405507
75376767
275793251
274677000
274674946