275588313
275584374
274773142
274772771
273331455
270903082
270053695
263244266
262654625
262078585
262078575
262078563
262078523
262078457
262078443
262078397
249611154
248646953
217180908
193640607
193640595
183926599
175527342
175527323
171868579
168025705
168025349
159786108
159785991
159785972
155699874
155506993
136215500
121228527
110877178
110877176
110876836
107004851
96574727
745412
275588547
274661115
274458736
273511401
270502334
270053647
262674751
249611165
187839501
160169424
159786112
159786104
159786065
159786016
156113065
156113055
155700020
154182304
110877085
110877059
79459957
24545119