277522505
277361874
277314375
277164135
277024762
276965043
276933075
276933073
276921576
276833382
276688221
276653743
276583955
276489147
276464752
276313958
276246257
276246249
275920280
275821937
275816152
275748858
275550085
275358555
275140717
275140709
272113545
271013446
261962366
251769246
248182666
205942280
201158670
187011899
136939563
71072209
49549457
14643411
12647239
538038
277505035
276938815
276938809
276921578
276921577
276921545
276914889
276913267
276833377
276653738
276464762
276388833
276388832
276246242
276246241
276132445
276088256
275821941
275783010
275748855
275140689
274930277
274611723
274104998
274028817
273913808
273685703
271784295
271270204
270116235
253666290
244168845
201382860
192475874
175438063
171249386
167614982
155879634
100958464
46253853
277522501
277522498
277441515
277164134
276653741
276430698
275821947
275586536
275407372
275341899
274708497
273645923
273572660
273532172
273458765
273332330
272556720
271963442
271379788
271301432
270711743
254094059
217268925
207724964
200618722
187063632
179436991
172161882
167401038
155878047
121735862
120183262
104908284
95931326
83789484
74571944
58982901
15467580
580238
316916
358167
277437624
276965037
276834430
276826339
276464793
276406155
276384308
276195598
274136571
273659739
273602026
273355252
272879967
272369294
272351979
269851795
262815747
254093243
252683176
249373239
248801272
201932158
194011431
192354914
186984233
183539658
180577501
174827273
167615580
167615194
167615137
156234333
156224969
89314232
10590265
820568
707341
548647
524174
357034
276621838
276464753
276137404
276021439
275230070
275114441
274633085
274632875
273959639
273958549
273925744
273685893
273653948
273500637
273219864
273217095
270712367
263512743
262779032
261802729
257759767
253556132
253062244
249179336
247656188
217730454
186985024
167614114
137443776
135552459
129141428
123334047
121973456
115254442
59553304
57024541
55090583
36399658
15010524
375678
277362208
277344191
277008816
276834436
276464766
276246247
275923487
275576911
274005416
273636532
273354747
273287789
273287515
272234200
272186892
272167013
271949696
262843537
255412193
254113860
254092822
252564879
252398973
246168097
215752220
214815387
205809613
203275470
194104631
192676804
184782075
178092127
174605334
171584556
167614316
128711709
95277915
91847505
89315088
277603309
276833376
275826970
275583770
275115952
275115721
274084784
274032327
273604940
273411158
273283032
272863796
271588748
270837346
270800191
270221956
270132878
263560541
263084871
257759827
253629316
252041103
225195537
222679598
218736467
217123608
212474339
205695187
203175482
197644559
193209834
177631161
173856590
171476383
144507239
117315623
92551651
87954124
56047347
37137283
277561601
275625155
275586538
275114393
275114200
273915379
273915341
273662193
273446450
273355859
273331035
255430590
255395258
255349548
255338969
254113798
254093166
254093034
254089684
254080683
254080499
253662200
253635526
253631719
253152886
252664543
252040896
241615117
229973190
215764047
214163778
202796857
197545069
195467041
177980655
174308773
174293333
170467288
152559212
66750215
276479856
274028580
273948182
273925604
273912983
273746606
273465955
273372440
272370560
272117360
271361724
270881666
270725755
262570371
259482376
255430594
254092771
253691008
253660525
253602917
253290739
250071536
249693662
247446303
229973434
222480049
219161626
215896364
214164632
214163209
208126598
205697393
203210649
181992147
174301474
167613760
143521929
137503476
52592320
10766604
273410199
273286429
270745315
270715684
262887438
257766879
257765911
255612249
254085713
253632050
253310396
252643648
246168145
230203729
230005646
229973012
217535491
216137032
215764090
215739286
215730547
215730343
214823304
214160533
212551854
207566412
200848870
184629951
177980694
176845511
167615524
167615369
125519652
117315641
88809166
277607739
277008814
276976125
276450431
276247875
275550084
275115885
274066673
274033019
273959637
273429256
273127268
272407476
272363431
272112953
271336600
270142319
269894773
262057103
257767904
257766873
253666138
250077846
218736463
209274375
197656718
182480864
177650168
177273119
167615618
167615560
167615363
143173425
95739556