276526386
276519393
276164833
276107557
276107349
275270543
273680228
271956861
271435353
271435235
271409152
271391499
271217215
271193151
271165023
271143421
270114276
224254435
197884330
188694656
187397001
180324398
179194030
175431288
136409979
133912468
126980382
124480124
95333865
93207302
87588118
87585156
80940875
77746546
74855191
72221583
68326603
58292131
58291034
58271449
276526450
276107380
274459614
273203954
271122773
270465836
217832507
201794798
176466165
176463701
87592714
87589251
87579402
87578320
74860055