275327555
274952222
274949284
274243962
273328055
273279459
252133065
217181729
217181276
217180599
180367669
173296563
163148115
160671840
115990346
105614743
105614607
105614602
98190670
98187829
98186903
98186224
98186143
98185998
88246963
88245965
73402513
73402366
58963710
58955914
53837012
53836999
48012145
32722509
20648056
20518327
953877
507442
465304
465288
276848303
276848301
275975199
274951603
272642123
272069354
263064046
253046783
217181227
217181184
217180472
196093643
181920263
163147381
99139918
99138871
98190791
98187502
98185862
98185726
95090623
83021139
58671218
57691006
54680538
53770214
29359359
26225042
25199306
25002761
23417925
20860696
2029915
800628
691213
507444
465334
465323
465316
465302
276848305
276848299
275694396
274949413
274061762
262817369
262674388
261026045
217181701
215587433
199111777
192951612
187838563
181432630
171438377
163147893
116024573
98185480
73402393
73402142
73402121
70637899
58961951
53837017
26604286
25696628
23401613
22253925
22242056
21498675
21424063
21422912
20647033
20506250
13566675
4495719
580650
580647
465326
465314
214738215
199165202
176583906
171105581
154184431
124041332
105614695
104797284
98190469
98187108
97516638
96556618
95065852
89126852
82006732
80990912
76368876
58963734
57690174
35860016
35860011
29375550
26549396
25005787
23636334
23411876
6459827
2132395
2029293
531405
465329
274727777
274061920
274061868
274046827
272069409
262815838
247842353
247842335
247842333
221236021
217181239
215597370
189468335
187837794
163147895
162593463
161919529
113543408
89126802
83020721
82007695
82005544
77223311
77223264
77033393
73402748
73402633
58955694
57691101
51715158
35817784
33455011
29375492
29347940
10056441
8287619
8148361
2029961
465345
465327
277473361
276246824
274949370
263680492
262674926
169380414
105665068
98186303
89126872
29383717
29359032
465347
452331