277043048
276245594
276098409
276074163
276074160
275237045
271529531
271529522
271324227
270796265
263103197
263099876
262662800
248117452
244167369
208445196
204317924
180922900
176723787
136596059
82499694
71682539
67966612
64704124
54734173
48980231
41069736
24692575
21219333
16145330
8872897
3717517
3308349
2697001
2696997
1315585
1313985
580436
506506
506322
276098419
276074164
276045907
276045845
276036924
275182405
273916385
272270214
271734316
271529539
271297213
263564266
263196840
263196816
262385847
253059148
253059137
253058770
247658100
242872502
172844633
172829016
169401095
167615038
167614158
84950564
82386943
58751177
41320167
39324638
39324045
24692565
19918603
16169530
3717515
3637559
3283535
606711
506729
506319
277607328
276098431
276045810
276037027
275341942
273898985
272834532
271798489
271793293
271734382
270810421
270662705
263096331
263096329
263088592
262792319
257765631
254093023
253444094
253068964
253059069
252079239
207291612
205973443
205161960
197970484
177515461
172206432
72099012
58721996
40752453
39308461
39308019
33360535
24195173
1387575
606741
605451
507048
475681
277218032
277172278
275324460
275320851
275295939
274875234
273886652
272419811
272285366
271981503
271888073
271798523
271793776
271394882
270955511
270862434
270790993
270772240
270771874
263440370
255410047
255317157
255255873
244173635
217511127
212214631
212214035
205162338
205162101
202782996
200976619
196488053
181256722
181190540
177338102
137417345
48544598
4704897
3576465
1217919
277311574
276430579
276245677
276098407
276045743
275002449
273850747
273795274
273671933
273377042
272794206
271798481
263088601
212213853
205161868
205161358
198123510
181256759
180584932
177340565
173189554
167614229
137261144
94951472
92552191
92552154
91544417
70668076
2633385
1677923
1315561
631772
490401
275355991
272834211
272359192
263088603
262758611
200727490
181188587
180957700
58939979
37975733
8869629
686440