277444627
277444620
277444613
277444589
277444574
276800037
276800023
276799953
276799937
276799903
276799891
276799874
276569029
276569020
276471828
276430288
276430264
276430247
276430201
276430196
276430188
276430136
276430129
276430128
276430114
276430104
276176293
276159397
276159378
276159368
276159366
275970357
275952546
275952473
275952472
275952469
275610153
275609099
275606345
275160244
277574089
277574085
277574080
277574076
277444579
277359495
276800030
276799951
276799949
276799947
276799897
276799887
276799876
276669541
276569001
276568994
276568991
276471821
276430268
276430262
276430243
276430203
276430193
276430108
276430102
276430100
276314530
276314497
276176290
276176281
276176280
276159370
275952549
275952471
275609103
275606347
275582854
275303806
275303803
275303790
277574078
276799880
276799879
276430236
276430217
276430146