275586948
274420279
274399420
274142220
274048918
272532892
263450690
263450667
253134623
247795155
213949422
213949411
213936798
193001021
131165937
129770973
115750096
107759813
100384100
94277378
92002655
92002612
92002607
92002597
91998968
91986425
91985974
91985796
91985793
91985509
91984940
91984859
91984768
89315976
89315365
89314598
89314489
22140177
2027349
2027177
274420941
274394205
273324067
272532923
271476982
263450615
160604145
160268747
160268733
131165953
131165943
130439467
129770956
129770954
103807691
101932421
94277404
94277362
92004404
91999007
91998994
91998924
91998856
91986367
91986190
91986181
91985889
91985787
91985741
91985263
91985131
91984584
89517918
89317326
89316230
89315983
22860495
7203057
3483063
460613
277364472
274462817
274142648
274124354
273678606
273323476
263450623
213949410
213936802
195994052
191784527
160268694
102552348
101683413
95249852
93296848
92004221
92004153
91998999
91998896
91986412
91986200
91985620
91985046
91984937
91984831
91984656
89316040
89315044
89314902
89314525
89314052
48984336
45028290
2057471
2027223
1822099
517665
516546
336331
277554393
274540513
274393819
274390975
89314107
89314051
3215959
2865535
2061849
275876168
274540543
274540507
274394319
272559696
272532961
263450776
263450764
213949404
213936792
160270497
160268737
129662404
109681675
100384181
93296711
92004378
92004164
92004075
92002740
92002669
91998934
91985958
91985734
91985578
91985408
91985189
91984855
91984837
91984654
89317321
89316235
89316081
89315980
89315913
89315891
89315288
31587456
2043809
520182
274421274
274142230
272532995
263450619
213936804
130439469
129770966
109681668
100384012
95498593
94277384
92004412
92004190
92004081
92004079
92002653
91998978
91998792
91989174
91988250
91986469
91986417
91986116
91985917
91985806
91985668
91985480
91985341
91984585
90522054
89316076
89315871
89315791
89315729
89315065
89314875
89314611
87567918
43981815