276365749
275724313
275107115
272597781
270703110
189460809
162507380
162507376
160270324
160270297
160270209
160269980
160269937
160269418
160269083
160268958
153656896
120168668
118150189
115639510
115225450
114948496
114805833
114571248
106244250
98759817
83020739
82390050
73785861
73183647
48282488
45220784
45217404
45213449
45212932
14883186
14877939
14875727
14840240
14772768
276545445
276389132
276388768
276388660
276366405
274356475
273279430
207200639
189460805
169621264
166447156
166446311
166084214
162507446
162507441
162507440
162507436
162507394
162507374
162507361
160269615
125786938
120168707
114948537
114948502
114948501
114805828
72889819
48756038
48282621
45221153
45212363
45209258
43812095
24377125
20462822
2919097
2868615
301619
41182
276556520
276544301
276389247
276274510
276274198
275493187
274770269
258222585
183736040
183736026
173829771
173039650
169621234
168192630
166445262
166445213
162507416
160270373
120169209
120168972
118760346
115453594
115225443
114948516
114948498
91773814
82008144
75948466
48282479
45219083
45218581
45208737
27605863
24618618
19993514
349196
349035
349018
41014
40967
276547158
274770214
274769891
183736014
183736000
183078279
173766782
172147060
169621299
169621281
169621279
169621274
169621240
166446353
166445557
166445200
166444542
162507454
162507432
162507414
162507398
162507390
162507386
160269226
154181962
120168606
115639514
114948533
75948818
48282643
48282428
36034910
32225643
14841934
11713835
349989
349017
349015
348996
301626
276556697
276556693
276556646
276556614
276555371
276547435
276545300
276543279
276522102
276316031
274289749
274191685
272111427
253346562
220682615
220682600
215560384
183736057
183736037
183736034
183736001
173748801
173039857
169621283
166445553
166445265
166445248
166444625
124483349
120169228
115639490
97829386
45218766
32222912
26772969
26601740
14868195
349008
349006
41129
277361165
276556675
276555320
276547815
276545696
183736082
183736033
162507356
14841007
349010