273789423
271541972
271270218
271270202
271270191
271270183
271270181
271270172
271270170
271270161
271270148
271270146
270665132
270663765
262836599
253467812
252575134
249211813
248801371
247199806
192949473
188299213
187843891
186112407
186080598
185271782
181379111
180585848
177569707
169606799
100384412
95993230
95950070
53563837
53486723
38072055
37014059
33007530
2146259
370260
275708293
274930209
273686833
273604927
272715997
270715410
270547594
263028502
252138425
249693844
249208010
212323844
206640167
190231482
188300801
187845679
187811635
187805104
187803638
186710527
185205416
180586328
180586236
180585154
180399993
177569711
176709750
174528706
169586529
169446654
77539095
73236351
59339943
50496807
42683782
42588882
39376972
37169810
33742058
563395
273604929
272317850
271292879
271248998
270708076
270471944
270194088
270145068
250078516
249211390
249204606
248524520
208643632
206640637
198495004
196382197
193989034
193747623
192888532
192773939
187815676
187786026
185027578
180399991
177610359
176709390
174272325
170591714
137567577
125644224
120183408
116126125
111195171
56735000
54412642
53901827
48579902
41098752
41098371
32860550
271440238
263085221
253058325
249205442
249204935
188301266
179425326
169581854
93049389
82685459
50424540
14841039