277555677
277555134
277467950
277355668
277355625
277355621
277355590
276840498
276840323
276750761
276607192
276560086
276502711
276489629
274944682
273967536
273946448
273662201
273622293
273457495
273326872
273044348
272057789
271958433
271665885
270389600
270122963
263253639
253579098
249685225
209906042
209902397
202064511
187561082
186875287
177286221
167615248
167613568
137152914
84866150
277355604
277355580
273662475
273599910
273443156
273301859
270770460
255455632
252855072
252764173
252640243
214050720
208643608
203232372
201630703
200725378
178604374
160370162
55062549