276813323
275300116
275269362
275243125
274969771
274969752
274566783
274058345
270662041
263697837
262875336
262590923
242091363
215597924
195885674
184080397
173481363
169825414
166079528
96112539
67060012
58397039
51491977
50685547
46932182
39909003
32737026
16085854
15634588
11194574
2783071
897016
867314
867302
867296
719990
565645
542977
542759
470899
275815270
275611833
273059053
272359740
272002669
271964759
270837098
270799281
270789192
263392533
263035841
262593134
249766467
191801175
179795401
177626326
172499037
166079532
157194649
152517442
129766541
112331977
105085752
77665388
74217673
69701406
67712912
67477617
67477615
61485319
51491975
49273687
36470292
32593153
15634598
10738198
7125311
2612565
584753
584743
276913016
274053086
273899200
273464131
273464127
272886550
271798389
263392525
263354902
263119515
252857468
235728501
217515920
196515373
177617823
177616782
173135243
157194646
138938244
130230750
129766509
129766504
120509474
112331980
104739197
104732038
89204253
87882582
76227491
58087968
56390117
56322083
56218484
35191890
25733147
15634594
7125309
7125307
3671671
2612575
274802798
274024440
273707557
273384320
273059014
272853940
255306252
212213141
204880969
204816121
204815442
201390132
198822731
191926640
185668577
184779711
96392084
73419625
72749875
57813078
53253351
42281261
31325135
31323804
31323153
28724508
20700678
14770656
11413616
657391
572969
542798
277520207
277520200
277520197
277379443
275707288
275410095
275195111
275105302
274597145
273734056
273707556
273553232
263514104
262646237
242504834
205694858
204815511
201679181
199027898
197605886
191926658
191926650
191920169
185027497
142002260
131362048
108280518
96491402
96491396
77323612
58904610
56224889
42334976
31343178
31326302
25733167
1057432
918706
542957
439961
276948420
275707221
274863837
274863825
272853941
272227226
271966231
271422967
271315467
270734473
270660251
270125171
263697851
262593152
262590479
261968990
252591794
215417343
204874976
193979584
191920156
184419756
174896160
142002258
92862560
74217686
59010153
56452784
56445439
56318325
53243895
49253302
10920477
10271797
10271795
7125325
4940255
2612567
643502
418882
276976056
275547909
275122175
275104697
272853960
270467704
263697453
262590907
274863824
274638899
273464136
270789011
263100156
262875348
253058174
225267743
216001242
204880973
191920157
165992291
152517452
152046715
142002262
129766524
112331969
112329429
110627911
109982974
109982964
91343720
88941698
88941692
67060014
55024878
48759214
47469930
46755081
20480519
7125305
4221971
2612571
562911
386141
276475915
276464780
274563938
272853952
271618833
270837078
263195623
262733310
251281616
251281597
198128198
196932337
196382812
190582587
186598460
185668583
185668569
184080406
181998004
180225993
177623587
157194648
132206388
109982956
106188430
99863101
78491218
76283136
73511877
47295250
32592999
6563565
3283551
2612569
1337733
1337731
1229793
1020669
596567
542950
275966176
275878758
275188999
274455982
271994015
271456423
268453878
263108549
221230157
203093937
197628288
196515540
189933554
172482094
171793844
170463582
170098832
157194656
152046709
125528603
109982957
94955579
75954481
75953568
73165401
72668422
69261495
62349862
56511855
51598547
50247854
49270570
47469953
40052150
33543687
10638286
1337737
596542
572471
418914
277482428
277407196
277388248
276475892
276475675
249778335
249766500
242091340
207033319
204885573
204880979
196515319
192949632
185668597
173481755
170098840
169490165
162140238
155114517
145134949
87993372
73431572
69107156
56427824
53253346
49502459
31861770
12119723
691641
476547
427882
406357
275707200
275547887
275410119
275268392
275049148
274611765
273674013
263100168
253298800
252607083
252591796
252035399
251281607
249766494
221230162
202851088
198820209
197629480
197179005
171549996
165626663
162140224
135552467
114922531
114922527
112442078
73431570
69177749
49270552
13359612
11810799
10638288
10076126
7775738
7125303
5466947
3032007
691621
506819
506522
277407122
276813333
276657768
276445499
275935154
274845337
273634655
271817210
270837142
269951235
263558367
262044190
254076877
235513121
211654723
192073549
184790641
181699605
180225991
177185657
175798768
172161443
129766529
112442082
75364046
73978422
69107168
56449097
56430144
33034995
30764820
28718613
7125317
6471225
4944655
4940249
569276
452339
452334
452329
276060212
275905151
275547871
274616789
273820905
273707555
272035204
270453713
262733302
253264660
216001272
202439059
198822739
20700682
19724396
14147647
13624117
10581329
5743641
2476591
2039533
902541
563022
277281583
275707173
275547918
274820267
274024250
272534346
272478115
269951223
253468315
253284850
244309162
216203827
216001254
215136559
207035146
196018822
195545798
195545641
194159230
191981210
191923880
191923824
161425882
132206384
132206215
82036970
75947768
75313090
55881494
53390527
41233850
36666109
686386
649947
563079
505253
479969
399092
399088
384455
276813332
275905935
275905158
275410069
275179394
273746627
273553206
272856685
252035401
248502812
217648275
198822746
197085815
195545350
177285001
177061053
176064169
173672104
172161471
166529607
166529603
166529594
132206386
112331975
109135481
73438253
57707224
55646610
55119957
38545328
16129414
5399871
3935883
1742029
1376257
506623
506575
439884
439361
434868
276777621
276701070
275935159
275707214
275278949
274855104
273624888
273192575
271444442
270141609
269951205
219460699
207830884
202851100
196292092
194103000
193770671
191926681
187061158
182849257
176291089
157194665
145134927
129768003
112350156
90660821
85029043
66104120
56323316
55505773
13979506
13359985
10866299
2633651
980962
859288
714080
535833
276912998
276813303
276375949
275935153
275935148
275935145
275410064
275195093
275195087
274853589
273888593
273672563
273551345
273179730
270837088
270787826
270748401
270480082
269946638
263100247
260808768
216203829
209388183
205694545
196180865
174239025
165996961
157432536
157194655
112350141
105085536
102834593
87120315
47464751
46995657
29820818
4435623
1513845
735264
565171
275935155
275935147
275547875
275429500
275410055
275050530
273425903
272888018
272856669
272301562
270837108
247930806
210277401
197085806
196305470
196180820
191919689
178240499
113583678
82409458
75953563
57750310
57040124
41334609
29820832
25047227
16044485
16041347
13624115
11728312
11015813
7209099
1513851
801833
565172
565170
565113
505454
427712
373824
275750003
274770415
273559194
273419072
273401637
272360278
272117979
271518227
269951239
262067467
253058452
251281611
235728496
213704724
201012093
196180826
190743622
184415421
178519376
171876671
168293398
153518793
147988202
134583814
134583808
113583678
99155765
98733259
91560926
79008827
78490178
53395798
136812770
136016346
120509493
119448298
117832459
113253113
101650365
46930951
46755085
26382886
11228095
2697019
2684433
565643
455305
434865
396937
275970613
275815272
275300223
275188997
274802797
273670988
273122912
273059019
272452356
271044744
270854061
263354922
253656602
249034759
248362139
213575694
207754437
196831945
196394978
185668546
184495899
181233024
179129441
177060117
176902960
129767997
113526623
112331973
73783344
68252788
67270966
26593340
19297925
10745223
7125321
6471221
3665157
2634423
427704
406383
276813312
276750640
274391179
273045868
272850116
271480261
270470165
263392764
262386494
248788813
210277383
210275012
209876058
204880971
201643583
191353869
186600070
175688105
167969483
142002256
129766533
120509483
96391987
77448422
72511282
57750516
53395806
47464757
46789761
31326664
26593342
22985071
21032178
16994363
7440755
7240205
1215677
1215671
606867
497256
276854233
276813313
276563497
274563932
274532039
273385265
273252587
273027777
272446848
270854045
260942408
253298758
225267780
215462477
209388021
198120255
196382816
195823078
178240508
160849793
157194660
152464632
145134936
253298644
249827402
225267736
207032935
202851092
186599606
186598890
185863042
147272223
97217878
87392049
82845499
66104122
62724329
55138723
49192364
36299153
29648457
17029385
6010321
2684425
576009
576000
572946
506609
505642
365872
337941
277591270
277591266
275410071
274919187
274681895
274020602
274020574
273851509
273385620
273189255
271169128
270701305
221230173
204874998
199168116
195879202
195772377
192297071
177061027
176831141
174440921
161711980
154986966
145134948
104271515
90680782
74278657
73603946
53293051
43700182
41616436
34752041
31340449
14844328
4310917
3735109
2455621
1734455
887912
439906
276854206
275970615
275573462
275547939
275547928
275005010
274315607
271435292
261823457
252912210
252858870
217826384
214493587
207830858
205554800
195545344
191576134
190319358
187829816
181214991
173479566
172946871
161425880
112329425
103475367
73601561
71051851
69701400
69107166
57647481
26113372
21585241
4056401
1661205
1590649
506581
472337
455302
427722
373822
277513193
276952630
276248977
276038906
275410077
274858694
274563908
273553199
273376424
272534162
271005344
270838826
272161178
271237891
270837096
270823006
270254842
263697389
262871031
262745678
255466148
255368886
253297528
248082501
247991946
216203833
215203143
198285100
197655008
193398227
174896133
137694315
73630183
72598792
70847645
58397033
55119963
20822748
19739411
3671665
2783067
2684447
1817635
1753109
505527
472336
276685294
276248939
275547917
273683230
272147698
263970110
263354910
253471974
253057018
196932342
194769557
193979838
191474405
186599729
173481380
172450973
172175787
137694319
125528595
125270789
120037284
106788395
77917402
68255212
57707221
55510374
54003813
53095591
47454211
41571754
31969021
27639426
22492387
20700686
981942
980964
829924
631935
605379
506709
276836769
276292389
275547907
274564705
274053082
273534592
271091563
270837064
270470164
263033499
253276567
252035420
249778325
248931969
235728504
208122201
198296805
191926693
186884040
184236591
173481878
165956835
130743630
123236564
110041645
109135477
87644891
56512957
51950256
31323490
27639430
27639412
3336489
2805777
752481
695272
603331
597353
460512
367348
277520175
276475788
276292086
275254915
274612499
274327424
50421097
50277609
20700687
20111695
14683301
2555781
1352355
863659
681798
631954
540753
506638
506605
434863
431391
275876128
275547937
273867424
273419063
273085469
271444346
263697337
263100861
242091360
216545368
197964591
196786811
193536673
191757598
191572729
188320975
185668555
184080389
177141850
176909250
174216892
169490154
137753033
115794816
114062598
109982976
92862546
89204264
60833238
50421087
46755073
34554018
31326963
7823190
4704899
3288881
716086
649968
506732
505537
277522442
275906929
275878753
275547904
275499311
274744716
273851463
273609170
273303489
271063315
261989301
251281593
247289984
213571974
208739164
195797671
195545346
185668559
176443194
173481374
170098833
169490156
165996945
165996940
162514623
157240661
145144837
129766538
104049767
96491413
94700751
79409375
79126532
76282509
72683278
56315585
35862109
606178
597513
472441
277520156
277317261
276657759
276243286
275867084
275410087
274845364
274302623
270845355
270837069
270470162
263697797
253018831
252604846
249771944
249570314
242087706
235728498
212213113
208122215
195773970
195551251
185027506
184495721
152464639
980958
575956
277520209
277520148
275215418
274845340
273943665
273192586
273192585
273045901
249019179
216090634
215776746
215198799
211309362
208643574
207032998
194121114
193979577
190106231
176903545
174532114
169817785
164092256
122488828
113824599
107970993
87943980
73419629
63448524
58413502
56498619
49273666
31030582
26106256
980960
939111
535841
454241
434866
340430
316191
276810833
276464805
275218849
275010097
275009708
273569319
273135028
270774873
270771774
270470168
248651153
235728514
216001248
214591166
207831800
205985163
201679183
196338920
195478557
184468911
165996957
165996953
162032201
161425878
141502363
129767961
115747400
112442071
95070417
90800319
80412698
58621920
57354852
41233840
29254207
16400588
12221359
4301543
867306
376259
276813297
275931437
275547923
275410068
275056994
274563920
274302389
274020584
273967254
273620933
271075608
270837148
270774948
270770991
263394097
262731029
252035380
249664193
217648290
216001270
193565681
146272105
96392184
91561421
91552270
89204251
87120313
73108957
55119959
36389359
16463347
15634590
9957164
5982855
863699
563027
542982
452335