277350675
276636322
276613316
276448337
276436024
276319440
276023425
276004467
276004380
275975192
275789603
275677923
275426254
275425749
275234959
274960280
274948097
274943319
274910678
274880023
274560400
247657902
247657873
247657862
205642285
193968115
189630374
189035365
181270648
176688057
176681282
171794375
163790858
150220700
143959767
143006015
137753554
102161658
93268411
90116932
277588939
277375562
277320116
277232110
276929193
276928927
276900951
276798780
276717861
276597274
276480428
276472956
276472564
276368280
276251345
276236044
275405462
275271696
275125929
275121025
274911073
261840138
261839955
247657629
194200519
193978522
193978477
190631214
187091026
177892247
176261707
174175334
144084799
142760022
142463641
141649029
136076276
131306155
130778352
126688615
277387338
277384689
277017993
276931038
276906500
276901189
276859988
276834039
276779443
276476977
276360650
276196375
276004265
275776268
275766681
275585352
275332066
275294927
275286381
275237427
275234896
275229501
275229415
275149725
274713464
249861492
192678377
144505208
143872452
141648853
141648554
132016552
130780938
119107975
117595562