277621042
276275025
274600055
274466904
274364833
273867668
273509497
271903473
271175810
271141504
243090197
225911224
217531255
207811581
207810985
204027439
197627242
197589555
196525368
195624160
181122325
180586400
160814425
155463021
141483251
126742919
95218451
69162891
68688353
28057019
15064527
14839769
10643534
3672583
3672563
2796921
1709187
1559537
397616
393540
276546630
276501083
275008401
274360697
274314424
273656597
272382762
271194895
270962732
270472508
263202054
262080395
262037808
249052965
248621423
242001250
229795379
212465365
207356537
170828115
160686236
151947116
146273722
129036151
102075085
92551276
90508063
78553595
54753485
54710985
53918511
49786845
44904838
15456014
11586311
10576689
10263197
3547963
816834
340361
276003820
273446566
271975671
271964748
271302696
270472529
270472523
270123361
263703040
262037810
257759773
253291901
252619670
252539373
250071420
230204877
227146527
225915938
225268060
217123746
204802833
198123531
196382194
184629932
181925183
167614669
144228259
142249865
111500035
68146045
60393183
53918416
51060818
50434867
12741781
11487086
11050434
10576572
3547971
439372
229998189
229997997
225268414
225267240
217195239
205696538
201013708
186369224
182983710
163577792
113526311
54898312
54053148
25001093
19776640
15444981
14993029
508486
274626060
274507687
274415312
273666460
273443670
273215923
270771971
270747332
270472532
270472510
270472464
255605456
253308266
249823421
249533598
230079404
229998350
229998230
225935018
225933281
225267261
217765729
217293477
217195181
217189022
217123667
210735709
196382217
196382177
177994889
167615622
154463516
146272280
110916566
110916530
50433485
42684126
37156847
24998509
10642849
276389113
274548123
270978320
270472547
263196735
255317093
253290814
242433089
229998139
229998126
225937732
225936148
225267506
223718725
221444443
219151154
216462168
197629247
197628913
197628790
196382178
174830026
114945550
55784272
15446477
11368963
10749004
9813205
476619