276383008
276025621
275975135
275975088
275912772
275840368
275776000
275759337
275606958
275600231
275600164
275590574
275573798
275479165
275215532
275215484
275207548
275207218
275207044
275083250
275074161
275022082
275021987
275016974
275016965
275007223
275006710
275002594
274919703
274919175
274918159
274874615
274870170
274870047
267338891
263022754
261840613
193736644
192462639
192459323
277544262
276264299
275950298
275912766
275890244
275890027
275620664
275604605
275600160
275600101
275600054
275592154
275589361
275573748
275573744
275479278
275478981
275398887
275290741
275263310
275216154
275216122
275215900
275213890
275213705
275197313
275091170
275086998
275081383
275046137
275038656
275016824
275007114
275002604
274920704
274039132
273941337
270700009
252881818
171651705
277411729
277411592
276264269
276264113
276132429
275813447
275746746
275746728
275746716
275694126
275606518
275604197
275596758
275590659
275590624
275385332
275385328
275216094
275215508
275213525
275207780
275197136
275148231
275148193
275083264
275081803
275073929
275051255
275038926
275038870
275038727
275021941
275006596
274920031
274876755
274876468
271246642
263119185
197639032
195696270
275072108
275072024
275071653
275038671
274908419
273529958
273522965
271456417
193699521
182461402
277480721
276461217
276430029
275974957
275917186
275917182
275890122
275890103
275606509
275600564
275479276
275398281
275385330
275283376
275216048
275216046
275216040
275215668
275215526
275212530
275198184
275197190
275195280
275148203
275148197
275071232
274920105
274873079
273646048
271075440
270972042
270796370
269848554
263045849
252883108
252040493
195573582
193737016
181453866
155884195
277442035
277438641
277420537
277411643
276461212
276461211
276023250
275920599
275599130
275591667
275583011
275573732
275385408
275263330
275232362
275231347
275216168
275216150
275208267
275206813
275195270
275081636
275081591
275073836
275071372
275046188
275045724
275041043
274919768
274918058
274917921
274444657
273941378
271578929
271075444
270107333
263677367
252658842
249938146
195696268
277549525
277549260
277437730
277267307
276308516
276120873
275967204
275942112
275890248
275890140
275746657
275583039
275507464
275406018
275396913
275290783
275215919
275215892
275215706
275215664
275215566
275062816
275016789
275016027
273805116
273529455
273529438
272844532
271485584
270926158
178114030
177534097
22534447
277527096
277437857
277437855
277437739
277417707
276154407
275942124
275920766
275890136
275854255
275600009
275479169
275286102
275215347
275213843
275195291
275087023
275083327
275062770
275046101
274951511
274920054
274919392
274905904
274445188
274444567
273805099
273794937
273529432
270833726
270134769
269848556
263358259
262975680
252040445
195237371
171586372
164502720
118522524
72302722
277442017
277418258
277417590
277411665
277411556
276264364
276114675
276042019
276023927
275970896
275965431
275912770
275606966
275606584
275583037
275535703
275535613
275507418
275507323
275398160
275396878
275216136
275216092
275216058
275216016
275215962
275215798
275215754
275215578
275215514
275215482
275215366
275083284
272900450
272830147
271579059
271579005
262037822
249693640
118522526
277549542
277549512
277549487
277527066
277441897
277437760
277437756
277437752
277411858
275971507
275878810
275607070
275543583
275259621
275218122
275215341
275212577
275208363
275086944
275073874
275052884
275046045
274909469
274909433
274866406
274783429
274356369
273546536
273529883
273308766
272540807
270880072
262975701
262975499
252079394
252079163
249938032
275215528
275215512
275215504
275215494
275213640
275081775
275064334
274920532
274920507
274729221
274544380
274444538
274190536
272844541
272661642
271846270
270541643
263119183
259310958
259310793
192838125
185903114
183538811
277438647
277420931
277420256
277411856
277411770
277338846
276264309
276264305
276120895
275813461
275606948
275606582
275606576
275604151
275604072
275592855
275592290
275535609
275399726
275385322
275216156
275216116
275215688
275214006
275101800
275053152
275045755
275039257
275038878
274553782
273551871
273474902
270435674
262975433
252078973
252040535
203146128
197902410
196371920
177274797
275583035
275573792
275507388
275216050
275216042
275215794
275215680
275215500
272620499
271578959
269953539
199591897