276753378
276753373
276753365
276555526
276555522
276555518
276555401
276555330
276309725
275825410
275087563
274966854
274961735
274470496
274399293
273745505
272457843
272359255
271621394
207891078
201290915
196156547
190826485
176660966
129528018
115968841
110906192
108593571
96552426
95295688
92162616
90588761
83613020
78634345
58677578
35868359
35133419
35079005
13531062
1986911
276555524
276555458
276555456
276555441
276555403
276555397
215736443
214739260
137301611
71141411
51031424
45372780
26612662