275889877
274454550
274354310
274354300
274354294
274354293
274354276
274354267
274354258
274354257
274354249
273317757
273317738
273307666
273059215
264078937
264052203
262798979
262798958
262790861
262790815
253432332
253324500
253166356
214933896
214933611
202782793
202484185
190757876
190741193
55422969
23020972
10650453
3284713
2441331
646803
553458
516413
401818
339739
275961161
274390251
274354318
274354263
273085815
273028112
272450802
271289584
271220179
264071747
263071072
262798932
262648829
209379636
202492070
198119809
191923984
184088697
141123856
109945645
74744243
74744237
71361877
22253788
19852375
3856815
2624619
2377701
2259013
2184635
1586135
559818
559782
559770
555139
516402
424945
402262
401485
337774
277461145
277461123
277461113
277460965
277460273
277460259
277460147
276854309
274420737
274399515
274354278
274354272
274354266
274354251
270073049
270058048
262974134
214927330
209603506
202487859
198285298
48583829
46689798
35794230
25203741
12672199
10650585
7949427
2835951
2465299
2378007
2370997
2361423
2361223
1744923
879278
646805
516079
342747
339296
258327571
254090691
253330668
252633403
209379592
207256468
198285428
198285201
192908902
167620435
115789985
97842383
58710908
51990988
23436901
7836337
2377369
2370983
274676718
265178018
263246431
262798997
262654636
207256424
198285261
198113481
190739483
155832648
142463630
35794129
22253791
2502973