277381881
277031070
276545428
276464659
276258572
276130291
276092013
276091911
276091847
276063440
276063438
275986386
275986372
275948467
275940806
275932378
275904382
275742816
275716147
275597356
275567526
275452483
275320650
275261443
275010414
274947849
274826697
274715307
274069703
273718128
273708791
273258014
262567636
209349518
185573836
177533628
176108228
140331039
44843894
7061641
277561664
277381883
276915778
276556237
276544313
276439636
276388978
276132442
276106985
276106922
276105075
276088577
275973588
275858489
275712275
275351553
275341554
275177006
275137523
274866923
274669319
274358790
274042772
273712950
273456624
273380995
273301861
273166665
271075028
270785868
270745783
270711745
217125749
206560632
206376818
205694873
205540601
197415341
32899180
32855400
277603256
277563821
277552622
277552620
276863786
276798126
276525654
276439585
276414976
276113028
276091239
275694341
275251063
274747391
274569816
273980471
273238802
272382757
270300303
270243228
270127533
252671792
252280012
249693746
242075209
215185377
214818756
213998033
213691823
208917304
206205038
205695861
203233047
200727020
167613501
146019898
66379047
49008755
9151738
7838281
277587200
277563882
277354195
277233456
276508103
276112942
276025324
275856304
275266032
275065845
273934650
273238796
272497578
271074988
270127591
253385423
252853751
217779385
214856982
207281194
171936927
153324829
118419938