277592330
274675927
274675898
274674850
274287341
271311737
263450654
263097795
262674032
262655148
262653467
252714360
252714348
208056429
206248742
198889625
197620593
197388149
194120875
191779378
186273040
173972934
173854492
168005651
167650560
167147636
121973479
121656246
110735769
50076345
49334055
49268903
49268485
14941763
14941747
3818681
3765731
2293211
2293207
908335
277592363
277375362
275889821
275611817
275602243
275577514
274142324
274135180
274118291
273303747
263450768
263450758
263450644
263104332
263097759
252714358
252714330
221228024
191780017
121635240
121269881
120141614
116818996
116194898
116190262
116001135
111005756
69323394
55288656
50239025
48755276
25205198
14948154
10317543
3818675
3782687
3782563
3768819
2293201
487958
277410857
274675285
274118308
274118289
270052798
263446089
216288953
168046958
121626879
121032620
3819039
3818679