277526874
277014339
276485046
276485015
276485014
276485008
276123443
275034821
275034817
274970379
274761045
274655682
274358212
274055725
273737654
273409265
263798509
225912261
204027455
193433626
185658549
184314877
179735874
168359005
130996084
127032508
113228772
99854748
91343892
87436709
73358946
72542491
72542485
72513189
47992475
3718031
3717993
540061
474568
357023
277314382
277275984
276485007
276473264
275739080
275716160
275264353
275229353
275092553
275044507
275020956
273523654
270115811
269951249
253473938
221230980
198414190
194477699
193701857
187569395
186636947
180749828
174609866
146077311
146077308
106864375
94384785
91343899
77230265
74569879
73355339
55551624
48757631
36727161
36370086
14618544
10191440
5988095
1463963
474541
276830383
276633945
276590200
276590158
276545376
276524123
276497161
276473224
275264347
275227233
275083859
275022253
274936381
274444578
274031656
273231394
272624480
271410585
253473908
215152337
214515115
214515114
214493583
213913984
213913721
213913715
198898780
192949396
116904729
116743077
109020994
91343810
89893500
72646193
72542483
36570244
6675855
2422087
543208
430356
272639484
271443173
270844879
253620552
253473926
253298033
252857456
252591767
252060886
249535221
200998700
194407936
190513096
186638156
182134167
177081074
160295309
160295137
155379548
145288348
119087146
86532027
84203049
77204029
68594676
56274189
55769585
5851941
4309067
2805881
1383705
997781
453689
431167
275890075
275592628
275585454
274657044
274626078
274323720
273623890
273600441
273521161
273247284
273079210
272049987
271270198
262663925
262053177
253495956
253473946
253365719
252857452
252763829
247377012
221230968
213715232
201113524
198898942
192950877
178526702
178113865
178089178
152470611
55321170
51990285
49592499
43751733
6714927
6649559
2805879
650831
650820
428852
276059498
275706774
275705584
273984187
273622242
272767630
271716035
268453833
262055739
253525840
253395570
244168744
213913723
207933216
207933205
206595205
205493041
201631065
199536497
198894935
192950639
188552475
167685113
141242548
115318297
106869584
104325543
85029029
80945440
72542480
56242067
17016819
16860782
16583811
12081408
12081406
12081404
9437024
6593225
562582
276344665
275770182
275276489
274302601
274023317
273712999
263034528
252859940
244168750
221229953
213913992
209175330
204282224
198869638
193771523
193758234
193564869
192951098
182135460
179955392
117407700
111107643
111107599
53991694
53913598
12081410
742050
493177
438310
277383435
276765883
275699716
275699352
275180487
275034829
274669872
274444007
274361687
274085873
274085709
274057161
273535796
271400909
271118005
263202028
262055749
250078383
249569744
248329396
221230970
214493577
213855608
213563799
206587920
201829994
198084735
197415985
194770140
186638207
186638060
181991023
178032261
178032247
177890963
176696117
171234517
119087147
72206744
58268326
276959112
276841024
276642642
275458542
274445071
274097357
274085888
273686592
273667788
273595359
272967169
272731274
271142385
270905929
254080843
254078956
253307455
252004133
249946528
249944819
248329486
246923670
229779057
226442143
218735694
215378748
209605642
208653332
203086773
200616938
199900832
189557286
186369454
177267220
169818340
160295379
154491332
105231344
26082801
2146255
275607979
275607877
274445022
274444990
274444542
274097422
274085700
274017001
273821126
273603717
273493784
273231424
272864009
272165414
271983701
271302741
271144243
127032475
127031867
71024340
57325277
16448553
11957129
275942706
275839386
275699346
275518340
275134373
274445052
274444590
274085977
274085961
273667846
273317054
272587575
271410587
263202140
263202078
263117372
254080845
250028032
243808274
207256114
204871341
200005215
199647579
198968227
196901224
195713836
184442450
180924354
178464287
176909352
175533037
175445719
174308413
171707713
169818696
169817783
166474492
155759243
56732518
37156996
277520905
276843707
275802941
275706979
274959266
274911144
274862978
274445041
274444847
274046801
273896642
273401149
263207993
263201894
263119071
259575210
257520460
253478529
253395894
253308236
252766880
251262811
250100456
249941593
248052222
235368511
230244192
212042571
206307750
204282481
200689625
197169650
195216136
175445829
172923152
169910510
169818571
157783875
76527773
418172
277550152
277419603
277395351
277135141
276642622
276613151
276312041
275699798
275607519
274996907
274444682
274444552
274361705
274086126
274085929
274055723
273949838
273697825
273643263
273642257
273637253
272076390
270980894
263202734
259575208
253165940
248739567
247853650
215205341
207255797
203757774
198898764
197622255
184333848
154167260
129138546
117202633
104328588
99851795
72642589
54755442
525277
468373
277341988
276685368
275851821
274669849
274559602
274444652
274098074
274086122
274055716
273356876
273282770
272306654
253473944
253473942
249946380
248523286
247978913
242724635
229995779
217187382
215141291
215141283
214655199
213522783
213522650
206592917
200767301
198414180
178458064
169818746
169818656
169818246
165874264
109861877
105664091
102108239
77221346
72642579
7063195
6640315
276930669
274885542
274862882
274444873
274097349
274085819
270122953
263202689
263118751
253473901
253326706
253308238
252409598
249964678
249945571
249940604
249533722
249533710
248329454
225915839
218735697
215346178
208648832
205509799
202487972
202328298
201610670
199973238
199567615
181773375
181235038
178458045
178031643
172923145
172476184
169818382
166480577
163553054
144426295
129600303
277562800
277326492
276304230
276149593
275705448
275531867
274974369
274680920
274445331
273719237
273646038
272762943
271410591
263117516
259577994
253479183
253307453
249013196
207256513
198911442
197622264
195993385
193050623
190154958
184587541
182091292
180395976
178503870
176696044
169818450
169817823
275705410
275059042
274862982
274445115
273896640
273737656
273690409
272270609
271829348
263118814
263118096
253473906
253298204
253241348
253241346
253232316
252389850
249954213
249392703
249013182
249013180
248167753
225258968
217772052
214493627
200616706
199973179
199973140
198414186
188844470
169818350
127269209
125899032
125819120
1061722
275802945
275776583
275700030
275590641
275575677
275327283
274503578
274502468
274470091
274444975
274285900
271964934
271539045
270463953
259575206
254080847
253786862
252550172
248329484
247391009
217125739
216288763
208915827
201580207
198414188
196305153
189371578
184591076
184588669
180973147
178720880
172923148
169818410
169817835
169817758
165587960
113175038
76786344
547936
395329
275732124
275702338
275702021
275699707
275698374
275607932
275607873
275336643
275168558
275059021
274499258
274361681
273603628
273372406
272522173
263201816
262055740
259583305
259575212
253786860
253152744
252334580
251276227
249954521
249052915
247390978
212213834
209605623
208671253
200848747
198911471
198894939
196305154
194489347
184416061
146585299
76527926
34747515
26145971
17494180
276894260
276464681
276452126
276385495
275515276
263034532
253473917
252389849
247938887
244167248
225912274
221229961
217125734
214654963
213527148
210118332
200013637
198902070
189648532
187600440
178031675
175533377
169910512
169817996
132304585
128711557
120183256
119087149
117832627
113888621
862027
277443136
277442825
277387315
276840614
276765876
275698359
275068937
274555063
274444891
274444580
274361690
273934582
273646923
273604396
273356585
273356431
271959682
269951203
263202537
263117642
253479028
253325682
253307451
252334240
252084384
247953130
243808278
243023521
235975123
200738962
199569465
197169639
195771241
186692319
173672524
172082646
168357045
105231512
43751660
24864591
277520793
277431246
276663730
276472712
275942712
275942702
275573420
274444983
274444756
274444594
274444574
274444079
274316320
274085952
273234177
271302743
270122973
263202424
253413338
253326695
253307457
253168631
252550176
252414553
249791161
249013198
248707379
248329409
247981058
243035333
217441209
217125835
197667734
197058190
190319801
180985240
169818144
169818056
76786346
16860792
277578968
277395958
276393913
275607977
275384211
274848054
274514260
274454342
274249354
273304827
272967210
272788020
272764686
272308863
184588803
178720285
175533419
172923146
144409712
72206747
72206742
1064480
355233
277172183
277030911
276642801
276365879
275773738
275702027
274996951
274445107
274445057
274444957
274444942
274444768
274444644
274444638
274444600
274361699
273737595
273595361
273523484
271982828
271440621
271144215
253478682
252334442
218735688
210438116
208659134
201622673
199591899
196933269
195716286
187203828
184443742
184430354
181926172
177991669
172476623
161903986
105231473
105231352
277253336
276392914
274806565
274555184
274359342
274190088
274090302
273667774
273595185
273386270
273385805
273179745
272209287
271211405
270508556
263201536
261037790
253326692
253307559
253059619
248329398
247394284
243808268
217123662
214862092
207830987
199647534
186080592
184588505
182545061
180002024
179777244
178032277
178032248
169818523
169818365
169817958
154246105
92551316
41097941
277531563
277484074
277441560
277441474
277441443
277436851
277435099
277424992
277424990
277421641
277418590
277417256
276896484
276428121
276394471
275607975
274707916
274505611
274446487
274026189
273880977
273620751
273424169
272588021
271443712
270980750
253620521
253152706
191699975
184589005
184488433