277586220
277586212
276928558
276928264
276677982
276462381
276342185
276286546
276030567
276030333
276027608
276023621
276022888
275731858
275590607
275513474
275513372
275513323
275426221
275261298
275260321
275195326
270135021
262674301
179764509
179546929
179520691
176728016
176218471
174933144
167019083
121172522
121172307
117030332
111340617
111339703
111337242
97516996
96555380
83750690
277586133
277586127
277519606
277509344
276797207
276676172
276669792
276555644
275513554
275261606
217172696
197897434
197687752
192952083
185851970
179756694
179755464
179531064
177141807
169381115
169379721
165184073
158623867
121172114
121172010
115968772
111346040
111345894
111340475
111336784
110205522
107005330
97496855
96558210
83750732
83750560
67042843
66580636