275677308
274949397
273428057
270917402
270845901
270454087
270454046
270454034
270454004
263586350
263209707
262674341
253357095
253095084
217180718
217180695
217180335
198340268
197922709
197576221
197576105
194769178
192458627
184283143
171652289
161246558
145309850
142328921
96588916
96586297
82008610
78957658
76273291
54608742
32223191
31517312
23257508
1726203
953883
953881
277351582
273428061
272165581
263208655
260438870
253889582
249611160
217181182
173450114
171652229
168585162
160393623
152384801
143253769
124040746
123442552
105359453
103867760
100947039
97470959
96586422
96586418
96574099
96554104
96552749
96552539
83020971
32224847
32223241
31519180
13780668
2408691
2152883
2152881
2055561
2055559
2055555
704628
704101
472950
262852771
262675012
262674680
260921789
217181220
214809855
168182061
160061350
154181945
145388303
145371869
145371604
105614570
96586414
96554119
96554080
85754586
68463344
33457061
32223356
32223296
32223118
31518257
23412874
23376387
15972475
2055557
1544281