277312187
276959919
276928486
276840941
276661136
275962493
275335272
275197558
274828145
273356637
270734420
249875509
249875170
249875150
249739565
249160355
245787155
202661687
197587865
196382820
196150482
196150464
190707619
180230986
127844385
109765020
74021317
73207240
72308265
57354850
56609155
56454897
52788072
48629558
14684952
12141172
10227724
1647103
1353607
997535
277539447
277483779
277477376
277477197
277369387
277348517
277165439
276928461
276912320
276895955
276826014
276660934
276641306
276562878
276525342
276451695
275926326
275278636
273356634
273165484
271476828
249875166
195573547
184100770
177117486
121185870
114046590
100376369
96357336
84457161
76012203
55064570
24403748
20520720
13967732
11371249
10227726
7440075
5154511
378448
277498456
277490106
277486691
277477205
277437035
277404628
277385313
277362396
277362282
277361916
277166536
277008566
276519417
276504875
276408335
276408251
276408245
276280444
275820934
275274602
275245071
275235984
275024304
273713278
221229959
206784512
191148972
181754670
181699638
173449244
160920592
113540577
82996520
77105810
76299772
69764534
50939399
45321622
25740941
5067155
276663290
276661608
276661583
276661482
276455164
276425082
276006450
275786808
275272913
275263729
274326246
273708715
273673999
270788999
255411372
254132185
225911561
193692023
193007580
190707632
184878608
165707208
160580304
115246767
109577069
105366535
91985121
70415989
69999225
63924619
54123584
50430910
50430908
44976197
37118920
10736977
2893033
277519326
277404630
277369421
277369388
277362766
277362140
277348525
276749838
276684336
276661340
276600244
276428203
276408285
276408281
276408275
276408235
275278631
275273374
275081379
273674023
273524659
270677782
261827269
205985689
202203581
186369502
181699597
140447309
132366467
131843989
130233548
98187425
88818819
84881518
49026028
44976183
25740436
10006872
6313601
6313597
277548460
277348515
277312181
277310366
277251081
277198961
276859851
276684441
276684395
276473537
276458984
276408333
276408241
275254117
273713280
273691888
273238460
273197805
271479905
263339303
263310044
241821079
215161176
213488450
200696518
196488155
191770379
183482096
181699634
181699610
148802194
125876488
117595535
76727336
40429230
7644018
4175505
1353605
1338935
974014
277437049
277369419
276927895
184945524
178514167
145641463
137453599
135552435
125363152
42302849
15913448
15698171
8009307
7718731
6512145
2884151
919004
644069
579936
485307
277362850
277362426
277361997
276852337
276661287
276661219
276408297
276294704
275791959
274906393
273624357
273509647
273457487
272236426
272165510
271441650
253470345
225969445
216213325
209320355
203982898
192950819
188576475
185005875
117202944
96200974
77220965
74983594
64988216
53770322
44808484
33492441
10669427
7957429
7823130
5067153
899429
842650
543994
400618
277408643
277362846
277362414
277362204
277361920
277312185
277136741
276900793
276684376
276684350
276684092
276663379
276661616
276661573
276661503
276661341
276661330
276661189
276661091
276495286
276386758
275155620
274075043
273162521
271165057
270966740
270508544
262915023
242799773
217566825
217562202
192948708
185242029
179979348
77221199
49213643
47161849
3158797
2622075
980698
277362621
277362428
277362420
277362402
277362132
276684320
276684284
276684111
276663341
276661435
276661289
276661261
276473530
276415333
275504313
275029150
274828159
273417113
273366146
273292741
272172758
259326570
214617392
10006876
5743643
2126105
860802
277599506
277519318
277369427
277362774
277362602
277362450
277362255
277362164
277361892
276661197
276165404
276150534
276046564
274080082
273707297
273456794
273367598
270541419
269845338
263084725
249535098
246163542
216213528
215779712
197897238
197546569
184947622
179408351
121102952
104268048
77221326
46789763
24822367
11285179
10581650
8009667
6471217
6010325
2920815
2141119
277563528
277405891
277362627
277362003
277361949
276897455
276618959
276408341
275948257
273928393
273688263
273541915
271151620
271135861
270464537
269951295
262464457
253258027
217898901
215776583
205423887
198417073
197824180
197464931
193927584
193600451
182709313
176909221
134677448
77222797
77221304
76776248
19481781
16225368
15123213
10866303
1376391
890414
405899
373880
277199051
276931755
276684096
276676209
276661395
276661107
276479431
276451699
276428191
276363030
275820924
273060567
272913544
272402964
271245619
271021998
253298741
251532467
249659344
217419215
214873832
214011122
202246177
191770378
181938622
177068244
158563273
137442928
90056905
77221546
77221389
77221096
76286239
73872773
58616751
25188734
277362648
277362300
277362009
276887083
276777786
276661579
276661569
276661153
274193099
273879069
273708892
273292899
272350534
214190330
193736636
192862933
190547039
175419545
137375003
113526845
105231476
94172163
77222827
77222392
77222021
77221973
71948019
53925299
48773660
37409851
15913441
2884149
1667457
692131
393435
345689
277404749
277404400
277404342
277362728
277362718
277362694
277362274
277362142
276684374
276663249
276661415
276661346
276661221
276048785
275778327
273988177
273958564
273943893
273461284
270942186
270853008
252976061
252182807
248703294
215292692
214928423
212425720
205942273
203219365
186279130
171091155
105739563
77222217
77220949
54752325
15267831
1914987
1445371
1363731
396435
277404454
277174536
276684128
276663262
276409209
275869754
275836891
275261820
275187102
274195839
273609483
272393076
270253536
270107355
263207493
253285196
218756107
215090188
194568540
192972258
191376663
188375284
187232926
186575354
186495622
160049695
146273784
114616857
109067791
107098913
105664045
91986097
79239459
77639118
77221342
65443440
13935125
7865961
985256
712677
277501965
277498458
277362884
277362764
273879080
273246858
272402968
271163310
270448781
263899232
261963709
249895521
247464572
209386051
205506453
197663155
185242036
177915371
167609877
164922375
162714772
147887377
96037700
77031077
72155143
58163977
32785882
12804601
1510021
277411888
277362146
276797408
276661488
276661319
276661175
276652092
276458928
276383524
276381344
275269330
273979698
273509154
272057403
248319418
208128941
207830889
190701454
189386358
176791181
173673944
173186842
173093867
165021248
159695222
108752960
92010609
89314606
75696174
72291810
70637406
66681836
59239925
47276023
28673491
13446506
1069186
918020
603613
466686
277362798
277362666
276661494
276661480
276661237
276428185
276178174
274019074
273983670
273085936
272284583
272269824
271542036
271167819
263303878
261995024
249921270
242101983
230039369
220658892
208119603
207255119
195544585
193007791
181699632
172445088
152370958
146272321
140221867
113454056
77865077
77639236
65032170
63867818
53935594
23609971
4780899
927150
650526
463488
277362638
277362148
276938584
276661071
276531425
276408265
276379324
275794203
275105987
274841289
270257435
267261389
262073058
253576336
252765905
1537227
585311
478470
277499114
277362001
276661413
276661203
276584744
276408343
276408249
276088769
276036605
273789383
273707309
273645187
272218963
272047710
269989115
263644913
259568236
252867650
248319420
227309456
211309441
208745642
189940100
179955407
160814401
146274565
119698670
117791520
106749720
85029026
77222451
77221159
77093676
73278024
53871191
53302804
38436483
7132679
1041806
451596
277405797
277362892
277362854
277362690
277361908
276661602
276566535
276557406
276425080
276098528
275946603
274956459
274927153
274365389
273897975
273293041
272615927
272588678
271982620
271449751
263084247
242497281
215727706
208288696
194114721
185860342
180399900
112093639
96200983
77577390
77222338
77059011
73827220
21379181
19597901
11130627
10752051
7964827
7384673
339724
277404813
277373535
277362619
277361953
277361910
277031814
276661243
276594751
276428186
276252787
276175011
275856226
275852355
275595666
274206721
273904449
272882488
272730901
271579061
271188572
263206829
263100018
262452948
247902097
217500518
193196014
179158942
163739440
149778147
137941618
100988518
77745316
77222913
53293038
36827794
28672447
25061101
214584784
210512539
209379524
204941418
204874990
197677612
192949510
189472696
186305269
184945807
174606962
163875182
159501825
159440616
87612813
77221843
76837841
72291812
66682048
35242517
19764360
1405575
1207297
363811
277437053
277362886
277362632
277362270
277361993
277361912
277361906
276842423
276661171
276661119
275059018
273953568
273197799
273122190
272155507
271434898
270797933
270253573
269017938
252663456
215776591
204803162
203843487
193006759
190702841
177991446
171584596
160671632
149520309
77220974
72745509
59262636
54926325
53777157
10673154
2916519
2711451
2393621
1565663
461401
277362051
276931959
276663301
276661604
276428213
276428205
275589250
275356505
274841287
273979247
273620959
273594111
273287513
272986577
270959022
270455888
262732333
253620313
216099851
207295196
198414097
191809710
191763353
189938281
185900205
180218829
113530804
104557893
84881577
77222688
77221190
74609773
47158812
36705686
25733162
15609950
11123188
10406924
3859073
2126107
277362333
277362310
276684411
276684398
276495136
275959057
274380607
274142606
274045708
273452218
273446054
272253912
270491318
270491104
262512099
247657132
194568662
192950617
178216956
110594192
77580237
77221766
77221300
30793214
2732427
2422059
277404338
277362186
277362043
276684318
276661559
276310062
276159725
275946610
274019041
273411388
273220462
273157699
263980759
263084243
263041089
262826115
257759771
253040814
249306020
242798247
214003218
213997347
190241919
181452664
172353244
137456647
116552803
77577540
77231306
77222274
53872077
31205954
23036856
19763805
14071299
5743607
2695233
437676
387384
351930
277362039
276663295
276661295
276661089
275711713
275433209
275048355
273866992
273789399
273348963
273228993
272586599
272416625
272243757
272198160
271330626
270490340
267557775
263278411
263104620
253089417
225201245
215948153
208778435
205256564
201630862
197387961
181119335
158868303
125409862
96009603
89314918
80359154
77639205
74571950
74200644
57520299
50497029
2622191
552266
277362870
277362864
276684363
276428280
276425092
276174780
275302847
275060962
273631475
273509174
272645750
272634842
272455274
270181563
263084245
243086278
212564440
199042496
187927301
186567732
180230974
176905786
146275484
146272038
137466423
125273719
96037639
94159129
92551559
91985403
44983215
34320326
22878071
10226616
277369409
277362848
277361890
277186340
276684342
276661547
276661308
276661241
276661217
276174821
276030544
275276879
275018367
273279021
273025656
272365797
270802937
270453649
270069510
262905946
226170192
195300772
194954054
192705067
186304781
158641028
149707211
148866381
146272642
123081704
95250892
91847155
59254209
46772993
41263282
32192497
26495633
24989402
2916517
897981
277437051
277362400
277362268
276684321
276661383
276661143
276495811
276094180
275230852
274828161
273913431
273328766
271784965
271676148
271291233
270852398
270541470
263207681
263104534
262910036
249771752
214495404
202604432
202185560
201687479
197347047
195701093
191148982
171807691
119055976
104557745
87651289
77447055
77222547
77222102
77221629
77221516
49605464
32352557
2248197