277228776
277165432
277045427
276944781
276683453
276497185
276497151
276075295
275948805
275948802
275948798
275591569
275406600
275396866
274770354
273534078
273202452
272369236
272269839
270529639
261943987
249178401
216437675
204806201
200780102
186286187
170706974
160488881
160488880
129381092
82912488
76014598
74608741
70540570
66067655
52004412
47242845
40933969
39820454
433287
277420898
277045403
276565935
276497188
276353958
276075291
275948799
275777745
275320781
275264343
275105656
274761752
274565548
274174208
274173569
274049786
273533613
273529947
273454419
273238593
273103344
272449650
271953923
271270208
255395241
217729243
192949710
178032058
148760924
147341622
92075025
90576496
84233791
82996518
73855003
59344694
49180670
48629531
688382
532379
277398406
276929255
276642074
276350643
275485466
275319762
275264309
275034811
274944416
274870708
274745004
273558072
273356633
272434876
272029928
271972247
270119843
255395245
252672558
243090202
230081854
192560862
187149935
179063963
176824195
158868336
137503119
119063626
113084041
73744081
73553844
73183407
72001040
58946834
58547988
21416786
17472537
5404379
1352343
586937
271408842
259512980
247677617
213678475
177045612
162025665
145582044
140221902
131144753
87244153
78974744
75953559
73586947
55442094
53486727
53010375
50303829
46723648
14616042
7069213
554940
507355
277313364
277006992
276497162
275863879
275854083
275818649
275771455
275567776
275493094
275418173
275065897
274325375
274170658
274067678
273896902
273851337
273429543
273341136
272365789
249384631
247303220
241758773
209388635
194784157
182556964
175700818
168900792
137375218
127814388
97810348
85623591
76014604
74858366
41241737
20489477
11954630
1355399
1208799
435812
402523
277566646
276368694
275863855
275770120
275303017
275170725
274989070
274797276
274781956
272852835
272474148
272412121
271169295
270723508
269953766
261962043
247291773
246855501
228844003
205417023
204806207
187791770
180749886
177860522
162773799
135417671
129028220
118582616
109876362
94090411
87447664
87447652
72944059
57647474
48873341
48463727
475153
438704
403076
402366
276897261
276330140
275922421
275319759
275148257
274086119
263484416
253284245
252989962
249694167
243086102
228842099
225352406
212051235
209176873
208230588
207959037
206126822
21537831
11023193
799109
414569
277604180
277552584
277184269
276117804
275922915
275520299
275385316
275087151
275045181
274797592
274170750
273928878
273667028
273537981
272912934
272468194
272337493
262746538
249681017
243273646
214732020
208223785
193916024
190624521
185636894
170298040
133067116
100292850
100105809
94259212
68074362
58992085
52197356
39523256
23619294
19639127
10702692
1816787
571396
459313
276114685
275924956
275863881
275853603
275277638
274926603
274713612
274546359
274252209
273645843
273103346
272431219
272402958
272163790
271537264
271472835
246851950
222716247
202239060
195797307
181784327
170870015
138279943
115758511
115709334
114187801
91049257
87457179
87123823
73532534
52853154
44858545
14981160
12809788
9965979
4055471
880036
750781
530357
403074
277470890
276952411
276458731
276400831
276363479
274949993
273729040
272435219
270625560
270116454
263703038
263117519
262423947
261943985
257846838
255395249
249033885
209610621
205610621
198295312
196579388
196280121
193910794
189046703
189035822
187746423
179232845
105778964
100018380
91051275
76175341
72919309
57771314
51994087
42013567
34745614
275219455
274883986
273688870
273656730
273465957
272912863
272530379
270745301
270708045
269901907
263197206
250057628
249794706
247059654
246772811
216285721
202160836
196280091
195192247
193605366
186972955
186199712
181789009
173093761
153980968
95996699
87600810
49001372
19297939
11360065
7266521
444960
276732866
276148711
275917625
275917565
275859401
275627029
275034862
274805381
273634553
273610956
273250465
271452943
271327008
270274194
270138531
263335275
263088923
262734517
258215755
250057621
215730438
209610509
208907201
208432664
208237620
196579322
191806913
185860532
181908729
180749790
177975573
167615558
154441286
153498818
109876364
109864303
68823440
55182607
22367386
531518
276923181
276412103
276386831
275038876
274680048
273852824
273666431
272860708
272244700
271529911
271095549
270119837
263334734
263197202
262055519
261962047
261943977
247678649
241121387
215725892
210163739
208886628
206474549
200768212
189945432
168181886
163283131
118582620
107798573
107428019
77231431
75700741
73513773
50070695
37882015
20583586
536525
508631
419135
414170
276598915
275569844
275143708
274136242
274064815
274049782
273399772
273386524
209379477
195796729
193916021
186080492
171171032
161497798
146274035
75639692
36330517
11856450
1710667
541230
277209243
276497181
276494670
276489510
276451776
276164609
276109452
275101757
275084014
274836254
274660565
274555958
274376204
274190278
274145156
273667255
273643696
273641807
271781389
262074106
262055506
260795567
248216009
247921834
247901530
219150407
213975366
192883233
192170928
188492938
185821059
179978820
163562688
149969470
140360872
85654200
29591068
1651907
992021
573755
276680887
276680033
275650816
275237221
275182533
275145319
275034814
274871021
274544087
273459412
273453128
273399584
273118811
271270210
270714858
270711404
263209528
248411805
247924845
209904911
208906595
207194170
201687558
187601118
185856623
184476526
174321442
172024597
170078189
146272616
72001052
68729827
55525311
55200272
42177980
37399328
31620816
31063629
24744422
1617811
275971436
275694196
275434065
275237225
274805598
274161458
273929296
273734568
273600853
272886546
272076289
271981709
271585721
271421238
271126101
270772556
270704065
262745017
261962060
255630353
253234590
247679539
206652941
201892444
190856192
185858116
178937737
174578010
68077548
68072852
42545435
42174137
455035
440825
276957870
275529137
275322028
274920832
274361836
274157849
273872368
273458698
272454555
272367963
272238087
271433630
270121755
262725550
258668403
253310601
249036060
248277096
217125834
215725890
195854401
195303302
185863552
181238158
178329969
174580004
155112598
101418301
93179511
72679575
70743645
68188683
58365315
57767766
35974465
35525423
31622789
11337337
5440949
351055
277097170
276849032
276645102
276489092
275950622
275148265
273663090
273643553
273326866
273270072
272058957
263483763
261834642
258823435
247390426
242663632
230081852
222614828
219151872
215136582
212992774
209604863
198889468
194451533
193511854
162025616
127032981
120183269
109864298
106243682
100947294
92010296
68076070
67446462
51720404
50497053
30886013
1355397
419129
315980
276937083
275928436
275426019
275189085
274887975
274882721
274858647
274836362
274600049
274550112
273678727
273645896
273643767
273637099
273341076
272830033
271291295
270501975
253499193
253258492
252912034
247879110
243084627
243054794
214932962
212993131
199969213
194568670
189542968
180609894
179979170
172313482
167615518
164323206
272267394
271820350
270701850
270114180
263703058
252942584
252828314
250057620
249347295
242660513
230081851
219324462
217510065
208917314
205274162
201538280
144079758
76052361
74774642
57017912
52889852
42162095
37216719
35130317
32582465
31207490
573654
540402
277520371
277417594
277395192
276929229
274247926
274028572
273888561
273816793
273787664
273667107
273453674
272764755
272620331
272267507
270803528
270707990
270441869
262725384
262664419
262074882
252401972
252167994
251279295
248739574
247015952
246280199
215730440
207565795
203288370
202217594
198359415
195656694
189462901
186394907
184414667
166437169
138183824
137375419
102108310
26527761
277014436
276929263
274064769
273676383
273584342
271984269
270962933
270716118
270123335
262664347
262050492
260860862
259512747
253661668
253325729
253239637
249823732
249679215
249679120
248328148
247016947
243808128
242660540
230017802
229762487
215732911
207502957
206483391
205748807
205378282
203468810
198902533
198523008
195286798
190489676
189035759
178787404
177309405
144280820
124893045
277400100
276929245
276412269
274372475
274118068
274118034
274089077
273663585
273263782
272764767
272457386
272382611
180923983
177860500
105291906
103813929
98758435
88881648
68076460
35579101
35455810
275731524
274844377
274133587
274133552
273686740
272833911
272321139
270766700
261962027
259767809
259767804
259767802
259483253
255179352
255179349
249496554
248005877
208648674
195704000
195696300
195192110
195192084
174878285
152559236
137569833
134777694
119285026
107101936
92010787
81419769
77231152
68445838
66667666
50330238
37216866
35970163
35905828
24030263
22472017
380701
276969830
276129201
275406590
275384595
275319761
275302540
273934002
273659037
273654034
273477858
272940710
272918385
272577498
270119845
263968732
261799560
260814615
253499202
253099591
250057622
247808425
216437673
208613403
208218811
205807568
202604479
197530297
193638742
175845302
137131087
135266784
132171688
120183374
87834248
72680637
66667473
49922644
30165508
861460
393752
277520369
277417592
275322408
275143151
274773713
274372465
274248819
273851387
273851342
273608274
272419682
270791505
270750344
270544132
270230491
263027550
260932472
258670003
253629982
248460901
248085039
247379611
246167298
215720777
212323580
200023618
196376992
195822641
195192220
187156452
181979375
263645993
256500842
253662100
253310591
252040890
248086299
247719154
215752243
215752241
213144334
181263663
178711290
160370382
154099640
150689278
138342424
138342422
123633438
108957015
107668501
103824502
103348161
92551278
86417831
74417191
68563594
68072866
65463519
55513064
53434658
38460293
11375800
357050
276914864
276306213
275528640
275361446
274632903
274632894
274328032
274168471
273958568
273302359
273122518
271961350
271245030
270711362
270244228
263693004
263682272
255406887
254132154
252794580
251506874
248884198
246852561
243324602
219150504
215725886
213857070
208443543
203995468
188202776
165023689
138183485
138180896
125280059
119699181
106035549
89604359
69675472
57344727
42842807
276108857
275466296
275418624
275283382
274875185
274587888
274423377
273868397
273643352
273609128
273551259
273464376
273162523
272830336
272830089
270845388
270845315
270502062
270257159
262797765
258215771
257835597
257835575
207933221
207515289
196280119
195192138
186369171
181938700
181809052
174321389
174321363
172313400
171821059
170466492
149781030
109369047
108957019
77324123
407033
277613445
277581688
275105658
274594370
273478777
273446858
261809516
247883625
243808126
243087592
242433792
230017669
217125623
215613681
215561861
205018776
201799281
198898186
198777290
194020052
191136696
183679021
137434396
137127669
68077550
276244834
275019486
274652170
274028507
274028452
273967682
273608270
273456916
272836476
270707964
264018775
263957676
261958719
260806617
258670071
254086718
252854337
248574724
247540387
243808130
243057772
216900581
215730473
213705602
208508375
205705277
205471921
201391228
199538983
196381925
192734236
189462770
180749651
176293232
129911079
115710758
68077520
68077516
11502573
945944