273979994
273545775
273277820
273277412
272469057
198089172
197901949
193890582
160671826
117927662
109262748
105614650
105614583
105614582
98023868
91773360
88785261
88785186
88784198
88783617
77223333
77223324
73402447
68567688
57837342
50268553
50268547
50268529
48984482
45188326
44126027
37972852
15362455
12636111
12491211
2292119
1585803
953855
953853
473149
274535618
274379254
274193762
272941352
262674641
260220924
248325926
241043646
207354596
196241243
145297816
122829046
119315090
101855600
96574313
96574247
96553375
96553364
96546724
82390271
80960627
77223309
77223296
77223262
56648634
50268540
45185384
44433362
35447508
34664245
23414422
22095962
12491205
10073856
2292121
1585809
953863
473186
473185
473105
276464968
275616546
274535487
273155247
272646222
272646089
262658418
260438884
224563232
188229252
173449706
169733118
169379686
160814751
97470060
96584302
96574304
88782598
84873921
82008154
77182526
73402544
73402529
66747871
54614549
50268563
50268559
36711051
23414220
22095970
15972691
12636121
12636102
10073854
4486879
2292131
2292099
1585807
1585775
953857
276506948
275604558
275599555
275581378
274193768
273302888
262674617
260438924
217714312
198205922
173674324
173674100
147142922
145981350
143855900
122829041
116167262
116165963
114571998
98025509
97470076
96588224
96587301
96586051
96556095
96556063
96553413
82390530
68492510
68169792
56636600
50608011
50268571
50268567
50268555
50268549
44620606
26549398
23376936
20597606
275691234
274963374
274507140
274193779
274193773
274193736
270626171
270626128
262674692
262674264
262658429
262658423
260438936
245225501
176580800
173674335
173674317
169381610
146364996
116166125
97491392
96574509
96554168
96547358
91457781
73385549
50268577
50268527
36318570
35447409
35447398
26613217
23627887
15363453
10073713
2292079