277529193
276610991
276350054
276274912
275689817
275278645
273609229
273609221
273541133
273536997
273527618
273518761
272469472
271542355
271100533
270206332
253389738
221268726
207210153
206620312
206596644
205962744
205961669
196373994
192951765
186740882
185896949
185751227
176144899
121173017
107353829
89178350
79115666
65368380
31519008
3657567
2209635
492701
492695
166209
277529231
277529202
277527603
277527566
277527280
277527250
277527231
277461659
277460402
277360122
276883625
273537270
273527671
273518777
271542349
271328988
271328838
271328588
248789449
217387479
206618500
205964097
205962906
205962595
205962082
200866511
187839538
173449778
155700057
131280538
116966242
110877138
79115726
79115720
79115712
65394192
65394166
65368373
7718037
546423
277529184
277527314
277527262
277462784
277460382
277360056
277281843
271328711
263678686
250747082
206620271
206604022
206481204
205966238
205966224
205966200
155700059
131280852
131280650
110877024
102158531
65368401