277435212
276309949
275863825
275858426
275848160
275140040
274884038
274881131
274824053
273296433
272555182
271456421
270217447
270179116
263387406
253305786
252795381
225267565
215737203
215548526
215544032
215389418
204808179
201385671
200995807
197637978
176817376
128261424
127591615
114896212
113117264
74217555
53827745
1406011
714382
548694
456073
409767
405395
361813
277436905
276756576
276751099
275858432
275694349
274885304
274885204
274881305
274824055
273296826
272351117
272251059
270848361
270820051
270614905
270252708
270122292
270122041
263559279
263515799
249765043
217776941
217385366
217385363
215745856
215745854
215745852
215737205
207287172
201385709
189462841
183727532
176932899
98056966
24152650
23731761
11820409
340507