277350484
274084869
273899896
262653845
262653843
262653841
258752253
258215743
252410053
251257802
215748615
194024750
192876597
185990779
144544087
144178601
139428490
122829123
122829037
121228626
108922910
108917539
103475396
91774016
91457818
79459944
34768128
34761944
34761942
24545436
16858127
16854439
16854415
16853940
16853718
10037689
6729371
6706899
6697647
1403363
277531336
277526320
277526195
277480269
277479017
277477480
277350754
277350690
277350664
276246830
276003433
273948775
273939303
273899906
273881004
273279414
263678704
263678702
263266509
263266496
262656343
262656341
262656339
258752372
258752338
258752293
258168390
258128076
225210515
203905518
180585517
103475398
101876183
96557905
50718994
41294473
37152440
25207740
25207645
16854256
277526167
277496030
277473783
277473352
277350732
277350630
277350516
258752391
258752374
258752244
258752226
217173228
214819911
73147849