277483594
277483590
277483574
276853602
276454552
276452001
276451419
276451004
276450904
276427834
276427711
274248879
272599100
267208813
267098700
262590359
195624198
166079536
114937963
96752565
16422556
16422526
16284288
16284286
16284266
16284260
16284249
15267827
13407561
10640993
10292507
8021467
3212477
2469655
686621
686609
602310
475974
451553
386182
277483575
276426236
276182224
276174668
274930121
274857261
274849202
274849073
270507919
247048779
244883617
243025183
214493522
214103392
214076412
195624155
186591944
185850547
135552465
129480516
109436981
96750892
80944304
73108442
58621734
48981786
38139078
36399661
20421660
16284284
16284262
16085832
10641027
10581263
5052265
4060971
1478905
927295
579901
373765
277398178
276674326
274867137
262783961
217519627
195624200
187829820
173477523
171574063
171574058
171574052
160081248
124596870
124498018
113528361
75373046
63183061
59198841
59198837
58625934
43815634
43815624
43815622
38139070
16284258
15634596
10581283
10581281
10581275
10581269
10581267
7636721
6199073
4215571
4097791
3241599
1365231
454143
449597
373763
207810571
201004709
189676395
186445991
186232911
185941891
173479570
171217534
168213254
163032019
137547977
135552431
127844772
124708877
77982975
74544735
74263957
58621732
53750148
39362476
36474716
17987241
14100928
10739411
10517153
8316469
7076385
2130089
1939717
1348643
1343695
650545
600318
542917
277407249
276850026
276482074
275591936
274848352
272470641
263055090
257780650
249663539
210765553
207033133
207032964
190608709
187829823
187829813
171549972
167473602
113528192
96739489
81145083
48018269
41430710
40750238
39358718
19913961
17048311
16155644
16085828
14493797
10780987
8458236
3556897
2213325
2119669
1670619
1478903
1465785
1343699
450735
365892
275436740
274470921
273122213
272938248
249663533
249388672
175146851
175146841
171574046
162100210
144525566
127844778
115754245
113529058
73686632
73108961
71907868
51104230
48363457
44983211
43815620
43815618
42750306
38768007
33553364
11450142
10737029
5427293
4257515
4257511
3899095
2391163
831443
540405
475353
475327
442115
365798
348144
341029
277164522
276445827
275177022
273983039
263754457
263698165
127672054
123514467
74263953
53770387
51232793
49745294
42275424
32737046
15186764
13828944
13637697
13637691
7379885
7175641
4050663
3954357
838460
579385
542922
541699
433291
418483
276750330
275058880
274930127
271327730
252591335
249019180
246162317
215039785
214493516
214101785
201844011
199536494
197780816
189659142
175977481
173479554
136812782
116185314
112077009
109298263
74544776
69162905
57124251
49745322
25074977
19699952
17587146
17048313
10694896
10650589
10576560
10576556
4444017
3088897
653862
541256
405890
393722
385723
374106
275126675
275088496
274857157
273384600
263396059
249388676
207389210
204090607
199977117
197735366
196851312
186592092
181122299
173479562
171549970
165701147
157195759
144449724
94157708
54123451
50904580
34750393
32592661
23209154
13455076
13116557
10191773
10191402
2916527
2438585
1743971
1085578
966558
831439
656009
517317
474341
369370
365797
354860
277483567
277274614
276679527
274813350
273367637
263558370
248936081
242972563
219147004
217637346
202179740
195624166
189648874
185854301
174435284
173479559
169981358
162100187
10576562
5886177
1343687
1029750
878066
870565
806660
616029
506679
506667
449596
448861
433294
400906
373367
341587
274149766
273357135
272578757
249278131
242078530
202179744
198084532
195624139
195624138
189671854
177633679
173033433
163169758
155904383
127672060
118090118
108390475
105768927
63469903
43801521
43262271
27828471
19699922
16085850
15427261
11341044
10641017
10405962
7379873
5907401
4411697
2540033
2463233
2064605
1659969
986235
897912
376160
370723
369548
277213783
275603337
275603168
274149750
273568740
263396091
257862778
253629351
252699875
252591328
251984694
217695666
217292453
213703945
213703575
198111034
196337569
189676491
185718219
176824210
173772285
163030227
162839003
155896189
56308004
55508612
54632689
54014397
50904570
50430904
47460873
37793576
19699930
13510989
5146403
3715855
1023318
786988
379007
366847
276883051
276523719
275463861
275036914
274856690
274353650
274149863
273122340
270924714
270751205
263396073
253563223
249664333
217292448
216226717
204658773
187341360
174580509
174305300
109298256
89571692
75947321
70385838
62633906
569624
506641
393728
277541403
275414598
273928543
273543962
273045989
273045891
273045890
270925471
270773210
270758568
263567456
250072576
217441214
212321701
205414529
204880957
204872064
200710320
183506922
173479556
153858693
110627624
105744915
73108959
59198829
56205273
53935735
38139068
36493720
34750834
20642787
19914541
6842369
4175367
2247311
2067663
1420367
1188883
915310
386175
276390866
275839488
275354578
275057849
274842598
274618446
273731327
273637504
273596870
273384418
271997354
270790647
270465845
263274835
252699590
210765554
210765546
195841045
174305595
173479555
127844783
111582623
87642541
75947308
74263955
73108436
48363505
48363481
47438253
24984591
11339967
11276962
10581265
3935887
2247319
517315
408792
369526
369198
344518
276965119
275917031
275251234
274848353
273544803
273046186
272739317
270992722
270992604
270955294
270883274
262528457
237287256
216226697
198568702
194959322
186454368
182783848
173479582
171623098
146261873
119253128
73108438
47273255
39362522
35862133
19699942
10640991
9842467
7973249
7379889
3494149
2783949
1664589
981938
807021
686941
36710748
1672719
1076432
1076424
1029852
828617
409705
393786
385193
277274583
276850031
276655137
276523659
275020952
273726601
272371725
257787092
230021196
214597691
210765545
197595201
183541525
174247819
114467219
53935619
49550299
42407717
32040282
23241113
22643368
19699954
17587117
16257923
15604119
13377549
11413587
11227944
10576558
8014500
7379881
6640689
5001937
3024657
2119665
682328
626697
506598
376684
369549
277275506
276477647
276435351
276058712
275354572
274931920
274842630
273597167
273471101
271993451
270799518
253213516
209349365
207502941
200651009
200650416
196320702
195624221
195624192
182797650
176824191
163165214
111851311
110627334
62633898
46626763
43801514
38191102
36984371
13624047
13514207
10694816
4697085
1029908
986233
602315
506583
475355
393989
365879
277275528
276922437
276139928
275414673
275260221
274628583
274403137
273786545
273637529
273349052
271218584
267179139
263392776
217292455
206321313
201308037
195470625
191911111
190537756
182557961
163848131
160578144
145145726
73882392
72646203
58817742
48363495
48363493
48018273
24594269
16079286
273736861
273732115
271590211
271039810
270883264
263567504
201296291
198568509
195624152
193316295
185854305
176550325
169818470
161964361
114492474
96740130
77221021
73515855
54926174
47438210
43262275
22646340
16422586
16260561
10641005
10581315
6641085
5001941
3212471
2297527
2247313
2064625
1644893
725199
369195
277541401
277015510
276438927
276116116
275307608
274878290
274031027
252671593
248939112
247979041
215152344
193536340
190081107
189676107
176132394
166079538
165703639
114465753
84936389
59334591
56511180
56509264
42749724
42410045
38139080
24397415
19415197
17587144
15272078
13828955
4236281
972401
838514
734300
686623
683558
625875
545224
517309
391063
277459571
277380218
276849981
276526430
275403102
275251985
275020967
274856735
274376970
273596533
273272927
262899581
252671549
252390766
252098096
214589840
213701586
212564326
207502899
202611205
195510194
189671525
174629213
125280081
116750012
114944775
110627775
77222565
58448377
53935745
53935618
49204081
48363473
48362498
34748783
14142488
11508606
4097775
1019685
898582
277172320
275855166
275407199
274930129
274857823
273912391
273046029
272458831
271439871
271439675
261979591
252644143
225173224
215974994
204436292
195470630
190546635
181122323
178031657
176587177
169818684
169818122
155041496
144401400
139239164
127672052
115957015
114945372
114944991
112075323
103822274
43801511
21023902
19401267
1986535
1986527
972403
376159
277614542
276898028
274848358
274149741
273983595
273983345
273786797
273279878
273046143
273046076
273045955
273045942
273045897
272371367
271314142
248976416
248936299
216214050
205822947
200651401
191808341
184692391
169817875
120495237
114895618
112077302
97550305
55143763
42749937
34747234
23424481
11491260
8014516
7966360
7966358
2789639
2783955
2297535
1374425
684377
277383705
277383696
274175334
273059059
271993467
271993461
271993441
269894935
252649283
252562498
203770627
203392943
200718809
195470030
193898641
112368153
73108949
73108432
59198831
59132129
49961040
23427199
19415205
16087115
13828961
11341064
11341046
10581323
10191769
8014508
8014502
7973253
7973243
7966362
5154567
3494347
2297521
2297519
867438
704603
277510390
277510388
276933970
276526692
276526652
274422386
273716213
273493626
271497658
271380442
261949647
253058441
252766893
252759454
252647770
252135814
249388511
247401347
217123562
215089688
214591924
202012635
198112507
186743091
174301363
155932557
120183771
112058266
109600468
109592602
4719875
276442670
275618411
275550568
275407069
275271361
274042653
272853956
270854072
262899561
252671553
252573142
252562945
252399761
252276225
252098209
248558670
247997191
242443767
225212242
207502897
203288324
203220330
202239237
196021480
194124744
190608805
190608728
183539000
178031613
171213093
159829013
156112292
155907754
139594414
133934018
124749948
114944550
92552140
59334597
2067665
277589884
276897789
276800100
275239100
274848351
273652526
273568751
273535893
271961086
271440310
271343508
215975035
206144685
203598230
203231435
190608793
180006957
175560682
171217402
169818721
169818694
169818172
167219604
143860093
124483757
99056409
91148363
46328038
43837855
43801517
38763143
38758819
38382271
20421632
13452827
7554205
3714239
3141735
760453
747553
277614535
277614533
277401387
276546658
274149835
274149833
273471107
273279465
273046182
273046075
273046069
272371704
271360700
202710809
201358730
196338950
12488094
11814240
11814136
11413590
10137153
7379837
7148429
5982841
3899129
3088895
843734
648053
540395
540371
451549
378951
277719822
276103413
275842890
274857503
274403148
274099328
273677806
273637508
273046067
271380062
252770205
249489559
248558673
248558654
244767214
225212256
217123728
217123635
215819348
203957144
196338862
190738018
179063961
178031705
176824208
175534379
169818352
159915661
146365683
116670903
114944305
49640861
48363475
29349074
28199617
16102487
10187759
5154653
1753899
864097
277274624
275233404
274892964
274892831
274613074
272477731
271960793
271380209
270852379
263571117
263387430
262053174
252767031
252671656
252649315
252279265
252099708
249388753
249278196
249252605
248558657
241998116
225206482
216299334
216296784
214589873
202782593
195509810
194489326
186745151
186230739
178031621
166033497
159824774
112066232
109596467
100931422
96773414
29567811
13828942
277045727
276734144
276617026
275602886
275414698
274930123
274857547
274857058
274195546
273843945
273585318
273424328
272476702
271361921
271041003
252649102
252550221
252389177
249883332
249013137
203957355
199583041
198355492
196021628