277586673
277532512
277532484
276382418
275617207
275332542
275273225
273511679
272151413
248789461
247499057
196068286
187829721
173450063
137672122
122758422
108598324
108591203
105281593
89481756
83398471
83397784
56846452
55003666
44183822
43051831
42740681
35458978
22080834
21820295
21390154
20914813
16442081
14707639
11233251
10016417
3135319
1953171
1544255
1080020
276555439
276555288
276555262
276555246
276382315
276382295
276382293
272151259
263207769
217181347
217181336
217180770
217180641
216227123
204302417
195875432
183370796
182475963
174183125
173450071
171089359
171089357
171063532
143007052
105343069
105342423
105297345
105282114
96121672
54387479
38143397
35507498
25070431
21782352
21774445
20239450
11499114
10016423
4503099
1544267
276555316
275421431
271983162
216227269
204302421
199008787
173449829
173449642
122763217
97455393
55002838
50410277
31127863
27820213
27820207
20910402
12338231
12083310
4503241
803701