276318072
276318068
276318062
276318031
276318009
276318003
276317997
276317646
275610953
275467140
274990603
274990597
274962266
271983403
247301696
242289699
242288850
242121832
242119854
242108135
241942453
217181371
187839102
183370188
154532885
130780517
116759185
105294517
99045553
87650397
83750666
54597951
32674752
31209175
22083413
22070750
1544261
1544259
607653
472825
276318085
276318074
276318050
276318016
276317995
276317988
276317963
274990608
274990605
242281584
242137843
242115395
242108565
192714613
172678162
100286076
80960457
607665