277447120
277444540
277009710
276275761
276248752
273683721
273683694
271423293
271285867
271063538
263958377
263206684
253629089
253628802
242076505
219151688
199731341
190298658
189698215
159095111
154716877
131280848
131280506
115098140
110876584
102133438
96551952
89222118
88789297
83750620
73402348
72040956
67624349
67620459
58961963
58961962
58961960
22195057
19480041
8095925
276985871
276648756
276155435
276155433
275263499
275054797
274544526
273929955
273871688
273387681
273331291
273331259
273331233
271423104
263266435
262654683
253628820
253097310
222716418
217180956
217180922
196204932
190254492
176581836
174593343
174183117
174183076
169381619
154188295
147117834
124041492
121228326
110877074
102759805
89221544
67621918
59401764
57219016
57218620
31517621
276963261
276155431
275764806
275706158
275074564
274544528
273496861
271424874
271286762
271284947
258752380
252595468
249777085
249774768
197964430
195722663
190252288
155050170
154183225
153835922
144487397
139979279
138813697
131280881
130043374
121228684
121228387
110876410
97817374
96583655
88785562
72037153
68466996
67683531
48007972
33457199
23409573
23089463
4509187
473189
277429712
277009083
276411993
276263587
275233402
275216186
275177529
275074609
275074606
274554145
273989351
273297026
273188460
271333145
271281803
262654707
258752272
249884726
204622320
193546245
190298677
190252636
189436275
182969670
176584214
155506986
147977690
139508895
131280639
130043334
126795122
110876731
110205822
88790658
75716884
75636893
57778564
41085275
23401914
22095966
277302560
277278449
277174759
277030200
277012105
277012071
277008047
276983964
276983545
277010619
277010504
277010167
277010128
277009907
277009862
277009620
277009341
277009231
277009211
277009132
277008260
277008181
277008170
277007981
277007907
277007755
277007268
277007187
277007182
276986001
276985734
276985585
276983679
276983530
276983004
276967820
276967736
276967569
276966903
276966620
276966430
277302958
277302948
277302875
277302868
277302673
277302553
277302532
277302375
277279362
277279216
277279199
277278938
277278927
277278891
277278421
277278344
277278333
277278299
277011371
277009452
277009416
277008325
277007725
276986081
276985998
276985958
276985955
276985577
276985558
276983858
276983649
276983215
276967562
276967223
276967100
276966842
276966611
276966548
273235395
248649256
277526358
277302705
277302063
277174763
277174755
277012146
277012091
277011499
277011257
277009871
277009468
277009184
277008474
277007740
276985673
276983465
276966801
276963271
275589194
275177569
274955954
273660880
273331222
273201130
271285734
271285202
262674284
262674254
261993102
261961150
249776930
249774675
247840700
190298571
130043323
100286172
41877020
23632950
23413280
7344449
277303195
277303122
277302938
277302893
277302487
277302202
277301970
277301859
276967114
276966860
276966737
276966640
276966489
154231111
57778106
57657985
277303102
277302773
277302722
277302016
277301995
277301825
277279306
277279108
277279012
277278971
277278877
277278808
277278723
277278537
277278446
277278380
277278370
277012147
277012134
277012032
277011708
277011439
277011203
277011109
277011012
277010993
277010641
277010613
277010540
277009875
277009817
277009765
277009698
277009583
277009152
277009122
277008161
277007605
277007383
252126701
277526355
277303103
277302828
277174757
277011067
277007970
277007926
277007697
276983723
276983651
276967786
276967399
276963394
276963318
276680944
275967115
275161266
274955944
273199937
273187377
271334505
271286073
271218120
263680219
249774274
248646800
217180862
216406036
195858509
190252085
165756697
124040875
96573762
96545594
91457896
75678414
75627609
36318474
35447787
1544327
277302964
277302397
277279079
277278918
277278428
277012141
277012031
277011924
277011890
277010210
277009794
277008452
277007906
277007488
277007276
276986085
276985971
276985603
276984033
276984025
276983981
276983911
276983760
276983733
276983056
276967630
276967516
276966589
276963279
276930763
273188476
271221875
276985608
276982941
276982775
276967468
276967325
276967289
276967267
276966962
276966928
276966777
276966715
59400991
57776063
277526362
277526352
277279334
277012082
277012006
277011552
277011456
277011349
277010996
277010893
277009565
277009547
277009491
277009278
277008464
277008196
277007696
277007695
277007396
277007192
276985856
276963275
275233326
275177881
273201157
271285383
271285303
271285047
261979781
261964855
253689557
247840852
190298819
190298774
190298496
190232241
155506990
114861514
94904424
23411941
277303220
277303178
277302918
277302820
277302209
277302028
277279284
277278848
277278846
277278581
277278293
277266806
277012155
277011822
277011369
277010404
277010200
277009355
276985920
276985895
276985718
276985605
276983577
276982774
276967209
276966718
275401512
273725272
273201108
273200845
272390391
271423981
271223753
263266470
263266469
217180684
216406017
131280681
110876617
72039047
277279239
277279029
277278741
277278635
277278603
277278522
277011956
277011834
277011577
277011540
277011513
277011410
277011394
277011301
277011180
277011175
277010313
277010224
277010046
277009914
277009843
277009775
277009571
277009473
277009453
277009371
277008435
277010874
277010373
277009748
277009282
277008433
277008373
277008302
277008048
276985761
276966421
273235962
271285792
271284874
263678684
262674849
262451849
253689668
249774901
247830465
206716070
190242102
131280891
119315410
115548914
110205827
109511249
97924816
97507782
96586677
57777548
57657377
48458708
48012269
35860781
23417891
277303144
277303126
277302839
277302689
277302222
277301955
277278838
277278574
277012168
277008401
277007719
276986116
276985841
276983886
276983643
276983588
276983552
276983263
276967818
276967306
276966422
276966417
276079959
275621101
275177842
275177803
274659379
271315117
253094663
253093863
252595494
249776941
190252885
154184712
131280504
121252649
110876947
76595582
57776646
4502733
277302808
277302459
277302421
277302404
277302365
277302354
277302325
277302228
277302109
277302105
277302045
277302030
277301903
277279249
277279117
277279053
277278898
277278873
277278571
277278406
277011827
277011156
277010881
277009609
277009563
277008168
277008097
277007190
277007159
276985656
276983924
276983804
276983705
276983299
276967465
276966415
276263411
273201082
131280763
57654446
277012199
277012104
277011904
277011721
277011705
121228543
58961974
48012273
23417252
23410441
277526354
277352661
277303127
277303061
277302876
277302301
277302269
277301795
277278479
277278292
277174863
277012101
277011644
277010402
277010319
276985933
276985881
276985829
276985781
276983876
276983861
276983818
276983415
276982980
276967710
276967302
276966760
276963307
276963283
275627513
275161223
275052329
273199883
271206516
247838020
176583583
132366152
110876306
110876046
57777092
277303257
277302678
277302592
277302196
277302157
277302074
277301971
277301931
277301805
277012047
277011687
277010077
276986010
276985867
276984000
276983832
276983458
276983304
276983303
276983297
276983229
276983082
276982862
276982820
276967648
276967379
276967365
276967163
276967142
276966897
276966828
276966767
276966694
276966670
276966577
276966565
276966514
276966425
276966419
57655379
277303016
277302749
277279438
277279427
277279400
277279385
277279208
277278940
277278642
277278435
277278309
277011654
277011648
277011535
277011509
277011248
277011205
277011144
277011132
277010516
277010505
277010393
277010364
277010265
277010054
277009813
277009661
277008305
277008040
277007857
277007827
277007676
277007634
277007344
277007309