276557310
276461097
276458843
275606996
275385110
271479295
271379040
271362057
270823649
252324045
250548885
248362144
235368502
216096894
206480553
188189658
178777155
175533762
149125880
137369093
115802267
75715372
62633910
52805065
46107058
20487312
20486566
13415209
10267029
8163190
3285165
3284755
3284645
3284001
3283685
3283667
3266011
3266007
3266003
3265999
276557308
276502518
276458845
276458841
275838838
275606994
275479272
275291075
272853976
271479313
271428958
271362149
270714845
270702643
270671040
261957840
251998840
249022433
207660652
206480559
206360959
206331248
175445727
167446027
137486372
137367821
75983556
20488863
20487290