276860252
276603581
276477007
276476997
276476992
276476990
275386627
275194718
275194705
274715618
274715607
274715544
274715540
274715538
274715534
273530506
273220691
272236522
271542443
271542439
271071885
269989742
269989251
269989094
269988851
269988675
269980793
269980363
248772636
216118384
216118379
212323677
197535154
197210017
195994225
165767022
165762706
160314725
94230410
74452265
274366792
273530573
273509225
273509218
273413975
271542445
269990360
269990100
269989907
269989409
269986409
269986030
269984740
269984516
269980902
269980628
269980497
269980076
197535725
197535640
197535199
197215396
197214864
197212826
197212103
197211918
197211863
197211722
197210441
197185348
197173593
197173562
197173496
195994223
173674416
163578746
94230414
94230407
94230395
78045740
277616022
275194795
269989556
269986214
269984688
269984415
269980050
216118383
197216356
197214168
197213375
197213307
197213110
197211839
197205809
197173019
94230400
94230398
14420308
14420304