276951964
276526159
275057833
271014726
262646164
262590129
251521225
244303528
225207173
204828535
204771731
202597492
202379529
196292024
168293399
165992295
145641462
127564524
110850687
109515310
109515306
109515304
85029033
75947332
73139676
69613572
51903714
41843988
27828465
23424621
16422590
16422576
16422574
16422500
16422498
16422456
15186752
1534413
543285
543246
277381306
277349546
276348868
276192319
274792664
274612287
274567411
270483781
270483737
249940485
244303541
225910745
225910731
213571976
196292032
195624229
195624169
178226037
176251411
176045962
171544633
169489772
164494756
161490021
120790294
110850685
90800323
84651734
75947316
44983171
36023699
20008058
18081150
16422520
8149234
8149208
8142364
1585273
455393
391061
276912445
276796858
271045670
242086759
242086747
198090652
196286354
195624189
195624158
193701771
193445832
193433464
193419124
193411642
182983718
179367689
164500489
160585692
127033453
120790288
120790286
113528938
93333163
93327791
76126072
75511014
50904568
44983181
44983175
32221751
18544822
18067877
16087076
11502549
7976704
4317415
760562
601472
545288
543243
271510534
271143012
271142928
270981732
253471988
253308836
252585229
242835303
225907090
213741412
204210588
184042330
182300009
179726365
179371950
176040010
143949022
111440328
103118404
94150025
90800330
75947340
47799414
11227940
10705654
449573
431899
403807
277397023
274849886
274419879
274397292
273385644
272854140
272853861
272740649
262861727
248920000
242086785
208099712
199040288
199006676
197628634
194088317
178777332
177924681
174827224
113526732
112076971
79126526
75540716
62860048
58493545
56514257
53720980
45902239
28057009
28057003
27828459
19913963
1217925
1188869
1188863
860415
829904
570856
570846
454960
276941451
276691628
276389355
276178450
275067541
274862958
273597746
273407268
272322669
271510547
262292661
247879453
246851495
242835268
242086751
226964307
214730657
208100036
208099706
201145807
198568813
198090794
195624239
185854299
174248634
102581468
75947338
71091119
65095966
64663140
31515831
11130625
1661209
860413
829908
631340
525079
476511
454883
431816
276379402
276178438
275052817
274792660
274670238
274567714
273520281
273319173
272853236
271165288
271143021
271142985
204433342
204208126
204207204
201679161
196068277
182300794
182300718
178226094
174827227
160585844
159276570
156109182
114945692
78553450
76527944
58695339
49077850
829906
521789
426980
277397072
277396987
277396985
276941416
276898799
275068481
275068385
274397287
273319099
272739346
272322968
272222254
271266132
270491413
267179153
261946936
261946931
251447958
229701866
196854321
196157257
174827249
174302495
164465533
164465463
131246953
64660949
62859042
61799220
48992900
44983173
42843245
26147184
22777633
11502547
11130601
11130597
4086381
569675
545165
276896012
276827242
276192342
276192266
274744712
274567509
273586461
273584418
272557038
271510601
271510565
271510517
253113228
252585239
252585074
251921168
251395038
250057572
242835301
242835297
242835287
201829054
196514446
196389793
195800707
172907630
164989621
103822633
75947312
75510987
75510982
62858107
58695351
58547349
11130599
860417
631874
631250
454907
385366
277349548
276965112
276585186
276178427
275602636
275450799
275450725
275230047
274862970
274862960
274527028
272854074
272853285
271510627
271510529
271142972
252585173
252585064
251984860
242835283
155286414
152348378
75511010
34922755
32076384
28057001
28056983
27828469
11130615
11130605
564640
402811
276949142
275220384
274862966
274397115
273787461
273644864
273419981
273318991
272407630
271510647
271510573
269894915
267179143
262870398
248920362
242835322
242086770
242086748
217641541
215636834
200849360
198569052
198568621
198090821
197857738
75510981
75510971
73323016
22980656
17369998
11130613
11130611
11130607
11130593
11130581
584371
551075
548974
468529
454881
277397027
276827317
275258522
274050749
273897411
273407741
272854046
271362407
271362322
270659457
263022264
252069140
251395174
249700048
249601199
242086762
216465058
213718734
201794984
201121541
182708494
182308559
177317189
177208953
143952566
127032404
113338198
112074162
102558855
77230955
77221910
37732577
24692571
13828959
11259261
7089461
7089447
4086379
454882
431881
274547870
273897413
273584412
273420084
272407735
271959424
271510651
271510623
271510577
271510541
262991334
252585181
208099710
198090840
197633814
195881250
195881223
194087284
174827285
153921863
110850691
78553639
74278655
58533781
48399095
46526539
28056987
28056981