276555673
276477035
275749164
273684254
273681447
273017402
273017400
272411523
252760220
229698072
217173376
214165254
197989852
191320058
188188691
184476623
173449766
169380580
115967967
114572129
114571961
111059103
110583137
101705642
98134676
98134668
98134666
95295984
95090870
95090501
95090468
95090180
82938745
79460053
35450304
34708955
1217475
953849
953847
953843
276581097
276477782
276475501
276411931
276410409
275459246
275129579
275074633
267260221
262605447
262605441
249946709
249942752
241758974
217173109
217172753
216199936
199931116
198800723
198508495
198193946
192952089
192951990
192951863
160270090
131280511
121171927
117293372
114572033
105537083
97921963
97904669
95090096
82938733
72315060
67242098
51348963
31698259
23284752
175332
276566414
276285845
275604048
275074556
275022663
273331474
273056596
272135792
271947119
251754977
247275836
217172900
215733834
205814615
205814330
198520763
198520273
197347327
179938619
169381014
169380614
169380574
169379774
160269367
153656437
147588407
140606986
121172653
98134680
97921758
97902318
96587033
82003978
82003929
79169476
51348987
23405604
953851
293710
162800
276675878
275022684
273344153
273331410
273017406
271318178
263944980
263944978
263680496
262674472
262605435
211309432
198520864
193640593
182969677
171652301
169381600
169380811
147587691
147587533
121172618
119699195
119699183
119699171
119026534
117426651
98134682
97921797
96550344
96550227
93166493
73866421
72944483
48756045
29384077
25207236
25003794
23406046
757795
68178
276892302
276892300
276887520
276618295
276285898
275805576
275674282
275022655
273646619
263770968
262674871
242967000
217172852
200689196
198516917
197970673
197687740
192952037
192951857
171063534
169380954
169380781
168182060
165984463
151950860
119026611
119026587
119026585
119026466
111340508
103866731
97506709
90118522
82938869
82390327
34709018
32224817
24547165
4705937
65939
276892306
276892304
276892274
276889635
276557507
276447380
275615468
275615462
275490599
275074624
274638096
273017404
273017398
270053794
262675054
262674924
260920499
225960080
207357302
198520075
198517301
186369754
169380089
169380064
160269153
160268793
198518281
192951976
192951873
185654366
180586429
176522296
159095631
153085115
121172040
119699358
119699185
119699107
119026579
117293332
116018601
97507776
96589437
96554387
78555230
4510287
228160
275074629
275022677
273205017
270135091
260920656
249089813
209330873
198523703
198512033
195994161
192951937
192951929
186172984
171108802
168181472
165969099
147587586
119026532
118522990
117473202
117426629
117375404
113792896
105614542
98133625
98133603
97923041
97922162
96557643
95090297
82003960
78554439
59535973
51348838
5939569
2396155