277410869
277397168
277342803
276886061
276850238
276471716
274123946
273596551
273177038
272226138
271270196
263389188
200852591
195291934
195291932
195291930
193895767
185055209
184070223
176550321
174842858
167614005
156224977
145287904
140416370
139567621
111580006
104314401
100958457
86955955
79672197
76105910
75307228
73795265
63473605
58971672
53720978
21391592
2245453
1464015
277596862
276587465
276562361
276491522
276344696
276314184
275918619
275624200
274761878
273913286
272582676
272349569
271288184
263974715
263336124
262660086
262637154
252908567
252392131
252179021
242696346
217419214
214598590
202780508
191808015
185909446
179063952
170345818
147999809
136939556
134607508
111285054
111285050
100947274
97825967
74235036
54380457
50072450
41092564
2141509
277496309
277484674
277410876
277174450
277174441
276054610
275895598
275158845
275145373
275066141
275015927
274840295
274467725
274242108
272186466
271972245
271784291
252764177
213931087
199536489
180966576
174293691
168924455
167613832
167613564
137519109
129911447
127654493
100958444
94633970
76105908
75371865
59047889
57870430
54877169
52237889
24980104
7412827
446369
320482
273101711
271270175
271270159
271270150
270115490
262346613
257503554
252199810
251769250
229804203
222683823
217730460
204083235
196284172
192474347
184629945
174301189
167614162
160591707
156216692
145499994
143185993
120183697
86955966
79104661
74860166
73795267
72689369
2241839
486495
277392696
277174460
276493125
276449115
275886508
275387116
274943434
274242079
273386447
272557054
271365455
271270214
271249648
271141492
270421561
217730458
215090028
202762431
192474352
185948426
185909454
184070225
174182676
167615244
162259930
140221865
117820612
115897978
90624167
89000436
73593776
66104777
56753902
48266434
14983740
11081535
9999358
2540539
492745
401396
277376079
277344979
277174132
276598346
274729334
274663942
274649738
273872786
273474887
273043896
272448478
271979185
263693269
262663929
253635638
253631680
216462136
215543700
207841115
205540694
200013581
196305158
196141881
194104371
184070227
161212123
152546419
99056184
90135315
87866939
79104663
76826976
76732671
75284565
74608742
70817132
67694211
55982899
911396
322063
277031049
276953000
276264291
275264337
274924510
274790783
274526208
274198856
274098363
273886333
193209806
180715832
171549954
167615626
167615504
167613834
154454637
152738390
144506067
115082467
90794826
86956006
75454259
66698354
66698352
32560504
32037204
14983732
11509792
11246670
510934
277381152
276451183
275398662
275148826
275018510
274991509
274453375
272896454
272441875
272407577
270825085
262404872
253367719
252005298
227685076
215748930
205698802
203434266
202229560
191704799
189941054
179437537
176487490
167614682
167613774
160591637
160175486
159348905
94840007
74174356
73553837
57325191
35364061
31632996
12111983
867608
637579
631425
528191
355118
277460000
277135698
276745035
276674208
275359602
275243823
275243547
275231682
274840196
274729349
274723211
274449846
274169559
273221759
273219213
272407787
270702667
261839550
253700435
251763105
248894165
225342427
216285781
193743001
186069273
185907032
183037736
167615602
163021273
161310111
160591656
87834267
75307230
74277056
51518526
11258521
2684007
1661193
550432
540257
277416137
276981053
276818116
276616929
275903776
275020961
274713610
274356577
274123513
273980437
273943537
273913186
273502533
273442876
273238858
272222239
271734351
271265838
270715530
116048594
109982857
109982855
108716641
59479145
11214113
1580419
455582
340941
277339277
275264331
275140690
274713694
274681579
274571624
273319736
273252569
272234196
271784297
271725029
270715743
270715741
263948668
254089764
253628800
250077986
243037753
206860126
185946389
180318042
176142530
167614088
167613480
162156841
156234329
142245288
138182452
113117495
109109607
84270567
68188621
57647463
50328661
16262248
10576548
8635466
707569
381273
316839
276818101
276522834
276435521
275919184
275720814
275360776
275180124
275168103
275015961
274616634
274109253
273823639
273717654
272967850
272030910
271784289
270773561
270254078
270161292
263643363
262908456
262567687
250549009
250072585
208608011
200725403
197608287
195312094
177589603
167615608
167615002
167614399
74277385
54029394
50426436
29907141
17944552
1591101
767955
445189
276521593
276153014
275771323
275264352
275179365
274820092
274777414
274777392
274364786
274140909
273958480
273713486
273218695
271537191
270977596
262826521
254089854
221230949
216462197
215745925
209379063
204403532
201125633
172476005
167615554
167615475
167615427
160591633
142443113
142258565
137421300
274540577
274056032
273302025
273290736
273238878
270744761
270717777
270661211
270485305
270160529
261974860
257767934
255630055
205695113
194463281
192459218
168924456
167613714
167613444
166649133
163831409
137978871
105654043
94386829
90622294
76779003
50981022
13633592
637609
277481497
277038158
276938930
276314374
274281227
273317396
273260800
273121267
271957396
270757305
270507981
270140882
270126626
262687372
262654078
258552426
253275107
252399585
247934655
242513394
235735545
195880202
193623825
193050640
167614897
167614150
159849300
137425300
114945223
91444408
58669293
34822607
15155525
13362558
7940953
974412
745378
629043
536346
372208
277020556
276818274
276091805
275385470
275092623
275066016
274990721
274156042
274046453
273218918
271247330
270716965
263643548
263065865
262052934
253165522
249653825
225266025
215388697
208528423
206334828
192949251
170384651
168571463
167615212
167611099
165960133
145551036
70415995
66872118
60692099
57705032
55643507
55321085
54624314
46240922
23652323
8964816
548639
341286
275614404
275276697
274773765
274358483
273921362
273904842
273773769
273452559
271081505
262567797
262423728
261978260
257759928
254113689
252562956
251773501
251241730
250077581
250077143
250072583
248545002
246162962
229769847
215543601
200847598
193525448
167614957
167614136
167614075
160788591
160745543
115254372
107021793
57887610
48314950
518787
277348556
277045175
277003280
276847678
276515152
276115162
276098184
275694074
275655588
275034815
274458378
272836039
272616186
272547267
262782691
255605610
252880552
251394010
250078550
246772163
246244731
223884836
207939061
196021535
184893000
179063951
177264169
177145368
174294154
171942964
167615050
167614483
162597519
113117256
103524552
68774262
48266422
2500889
1745429
470173
276595361
275188861
274771461
274557490
274367999
273820730
273504155
272284990
271734259
271641575
271453177
271440185
270747108
269355711
262812981
254113614
247938879
246282318
215481719
208623471
205696292
205582692
201691946
200848633
195880833
195880240
191375410
185445460
182707581
171122574
167615147
96301753
76117911
74173570
46688228
21661609
791660
702722
502817
419073
276476150
275965533
274880708
274729274
274079476
273847933
273705773
273684440
272787095
272557533
271784292
271379356
261157170
254188439
253272314
262812987
252562427
249290629
249145207
237684535
225195686
222544290
218738558
216982962
216687148
215769122
215207536
212977173
206480608
200848988
198956792
196290944
186489310
181679857
167613609
137592635
134506698
93764196
31023749
2884183
447586
277348557
276334538
275596328
274649743
274649732
274173585
273958562
273867964
273836478
273726130
273388480
271336096
254080286
253402885
253276782
253137249
225206256
221223448
215438139
207971116
201114796
197657912
195110571
187769357
181237104
180870261
167615530
167615429
167615010
167614996
163661774
137425251
120183354
74200606
56800151
54624608
54373644
52720933
1708545
477566
276290630
276008813
275715359
275291171
274573287
273532561
273372448
273357410
273221208
271918617
269009355
263022180
262665985
253585610
253304870
241615232
230015413
229748736
214824184
214189316
209610263
207914313
205808047
205695067
202782601
201385669
197544643
193607449
189201615
178957497
167615165
167613880
145297326
105281981
56047343
44183113
7651218
638246
455103
355208
275925350
275823548
275731542
275037231
274729366
274729360
274729333
274503927
274163429
273978113
273718964
273443348
273168714
272880554
214595628
213857747
209349588
207914911
194959696
180924640
180224526
177145356
167614771
152529928
151425781
146403809
115624581
53226803
14875901
8012978
276818202
276406055
276369365
276091844
276046543
275596643
275377334
275220440
275149751
275028606
274716379
273701610
273409064
271950518
271628282
262841941
262405511
255630494
230368347
222659484
207596424
203910170
198721734
181142229
173449304
167615180
166649054
148793899
136482415
115254265
91846876
86517379
58828016
54513180
50476897
39154038
945948
787546
500696
406935
277392880
276817884
276455455
275929051
275453321
275148676
275015970
275005952
274629955
274455250
274372449
274172595
273979996
273888648
273867315
273662331
273467742
273242228
273127194
273114944
272228129
270830498
270712332
270104273
262983685
252767881
248522281
217187100
215799622
195666768
176150787
167613593
125519648
113117253
99056215
89904422
66750470
66423966
23206020
20847995
276777405
276237953
275694024
275320970
275074405
274391130
274364570
273463740
273318471
272184357
272167983
271424066
270790258
257845380
257767669
254089003
254078130
253689805
249930898
246772833
246308152
222546963
222546603
215090048
167610925
160691540
132790390
112222284
68221176
58409577
542756
508216
405664
274990674
274723250
274418259
274356757
274175446
273684442
271641776
270246439
270145054
262636247
257759526
255605411
255422400
255348925
253228786
232952394
230368351
223883049
215739464
214921022
214190222
194465525
181990926
177145432
167615526
167615030
167613824
140022774
118375058
118117973
106750493
67051062
66104793
56196775
20112014
12508887
9794134
7796043
4423943
557872
277424820
277019811
276817989
276369381
276075081
275942242
275494966
275131132
275085974
274994257
274849238
274849216
274713739
274681339
274077785
273734908
273719389
272355154
272242745
272027102
271261663
264051846
262725734
253632236
253305837
253089367
225206282
209349488
208059327
194583741
192377678
188533793
163034255
138107486
93764289
93764231
76404429
76378372
50269831
32583280
276385533
276344689
275276684
275267874
275264327
274770429
274405980
273978136
273880886
273474761
273219125
272308603
271336215
262865647
257763275
255612013
255605962
254086211
253627512
229714275
225210967
202891554
191782137
181980291
174510612
167614197
167613885
146273657
125013767
92551570
73516875
65018716
8605796
8475740
277184515
276818111
274569704
273467163
273249121
272421551
272413128
272048227
270717027
270118445
262973016
262747899
259513866
257865776
252671782
249644211
249569747
248013516
242423738
216387868
215917068
215727446
215640602
215544506
205809607
205111529
204868341
198099200
195328690
191815412
183334662
167614278
167613599
167613571
137440723
102108289
66667320
66423989
59079011
52275102
277184605
276104264
275361674
275237334
274777323
274577771
274566896
274360503
274140901
273713565
273636459
273167190
271689105
271554864
270788021
270701790
270244688
263495883
262526512
262016088
257859371
253344643
253147988
252866897
252759259
249489562
248493190
209399987
207515315
205696337
205158434
194011355
190608398
174605151
142543048
117113430
32859001
9263469
8088896
394531
277006873
276817896
276369367
275272044
275115562
274742899
274143428
273662677
273373621
273238798
272416691
272360333
271685716
270756539
270144983
270142525
270131136
270124584
263639536
259535992
257846902
253305810
253290777
252763779
230328191
215637881
201035257
200766651
191808175
188694910
179444832
174291366
172476311
167613544
167609554
137430802
136403555