277180609
276981597
276831321
276831313
276419788
275885335
275877068
274357397
274142218
271476986
248762228
215540817
209390637
198564635
193003940
173096152
160402367
156189768
103474319
102133248
50216070
49915971
48984387
32720778
22871764
22859913
7193907
3745663
3072569
2846015
2430581
1056110
565381
565377
436131
424872
339294
315230
313711
313633
277372403
276849139
276849135
276831319
276093731
275857251
275857202
275616787
275526674
274676293
274142232
271378308
271316180
215605837
214937164
204439184
204438158
197687581
195646736
192989928
191714363
116583493
90447334
73585187
58710962
58710399
55287853
55287627
23438067
14054906
14016567
14016543
7194143
3081253
2430587
1586105
546193
484674
375480
339202
277364482
276429318
275859323
274676677
274676186
274676180
274673407
274357421
274357403
273314832
273244639
271477062
270845650
270053186
263256273
263209025
261157801
248762681
197821223
197687672
197687587
193233534
193233126
192908919
191779255
135544705
103473911
64452987
58710256
55285438
51990818
48983780
48983767
48983690
23437484
7202937
7193939
3745677
2466465
337420
277375499
277180539
276849322
276598569
275970958
274678003
274677150
274674876
274673827
274462651
274121211
273314718
273305207
273305193
270052860
263694336
249945576
204325619
203422646
198565430
197821254
197821186
197687635
197687619
197687606
195697015
192988886
115968391
109945582
41375081
23437802
22986636
10183826
7202933
4621039
3108889
2049051
337789
337704
313401
277427107
274673837
274673813
274673654
274261064
273305209
273305187
271477046
262973199
262705007
249291756
248703392
206248720
197821272
197821203
195994093
195994079
195994034
195697035
121006081
121006077
106996645
59297402
55287740
44173088
25204657
23437598
2468959
525884