276259686
276258418
276031389
275928539
275928537
275583066
275278951
275263483
275263477
275263475
275074585
275022683
275022657
274927082
274782663
274782650
274782648
274782643
274782637
274782629
274782627
274782613
274782609
274782601
274782595
274782585
274782578
274782574
274714738
274563244
274541116
270053818
270053736
262656959
262656950
248648905
160212149
101873642
77051410
48282523
277406684
277406682
276319680
276279901
276255782
276099334
275912812
275890560
275813611
275813591
275481775
275263465
275022671
275022645
275022628
275022618
275022608
274955922
274927083
274782641
274782623
274782621
274782618
274782617
274782607
274782605
274782603
274771261
274771253
274717635
274563247
274563242
274563238
270054014
270053774
262078445
262078385
248647936
215736477
160208549
277406678
275912814
275890556
275622708
275573918
275354937
275263481
275263469
275032229
275022643
275022630
275022622
274955948
274927090
274927088
274823822
274782661
274782659
274782654
274782652
274782631
274782611
274782597
274782593
274782591
276284785
276259609
275912810
275890558
275813595
275813589
275573922
275263497
275074604
275074583
275074566
275032218
275032114
275022693
275022661
275022634
275022616
275022610
274989768
274955988
274927092
274922302
274782646
274782635
274782614
274782587
274782576
274782568
274782566
270053618
262605490
262078449
262078409
262078389
118522834
107005328
94282935
31517775