276452178
276295927
275943445
274989325
274074641
273609217
273359933
271363485
271336252
270759945
270759657
270482416
270482356
270457420
260920841
214738504
192951568
186567893
186567881
174304632
169380914
153264729
124041340
124041334
124041287
119309223
119308935
119286346
115288325
99045700
99045679
97921877
97816746
97815792
96298177
70038925
59395517
48607170
11662833
559706
276268160
274989327
274989285
273587973
273587961
273413955
273190361
271380568
271338151
271337998
271337904
271336485
270758919
270758607
270663801
270662915
270519527
270487766
270482237
262674361
260920689
260920362
253233365
252125857
243098578
230253303
206145531
176523010
169380909
124041316
119699177
103475514
99045709
99045625
97922655
74036162
67242473
25006555
25005884
11662917
273359991
271419651
271380268
271337288
271324552
270457825
169380452