275739724
275400165
274924932
274883998
274549773
274548783
273714989
273522721
273274754
273172678
272364984
251590806
249089631
199728540
198076557
160269952
160269222
160268895
153945429
145696199
137161811
125240711
111005560
105614684
101646537
96589201
95089958
91774130
88961789
79460006
34709164
34709037
34708988
34708944
14164769
2862631
641865
641858
632791
473958
276482680
276237834
275814382
275697363
275574405
275574075
275442607
274549618
274548817
274448920
273522755
273522711
272279131
270797396
270743169
262038034
262038008
261840883
253388581
217181430
217172433
217148962
216211176
180528153
160269811
159095116
140769117
131280856
97474330
96546672
91774093
76479211
72944552
34709053
1891769
895420
877686
641883
473953
410380
276436009
276285541
275943447
275628246
275477532
274989291
274549060
274544485
273522733
273279345
272390849
271332505
271316398
271121176
262038032
262038024
262037936
253388620
252602995
205814313
195875407
195284050
192951763
147977399
147371645
140768975
97921695
96584647
96574054
83750914
83020983
82008367
53806364
34708990
1411377
792476
786212
786210
473954
212098
273522715
272107787
271332272
271329128
271118338
263984172
262037978
262037958
253389827
217172972
185977993
185415267
176522274
151614848
115427113
110584865
110205743
108957361
103868202
96589237
95090673
34709120
34709059
1891725
1411397
786218
276238987
276104998
275687290
275685480
275627827
275442625
275400191
275261170
274919108
274544467
274417467
274407816
274358474
273961471
273819837
270053876
262674585
262037991
253388579
218755095
217172841
210425562
205814764
170329500
158868465
152378148
151803754
151783720
151615748
140769271
140768934
122829126
115433351
109017031
96589276
96586408
96585799
34709062
895478
293701
276457096
276249326
275814447
275762465
275698028
275691141
275685777
275619457
274883971
274682344
274682296
274372226
273546924
273522774
273308156
273174237
272135672
272108044
270834761
263453739
262674954
262037970
205814766
192952053
171089363
165707841
155046588
151676061
121171717
110205594
97513086
96587545
96553332
50491311
37152264
34709055
34708992
14508498
14299482
786224
276435708
275814387
275763521
275694580
275694541
275442584
275261547
274870562
274682282
274544481
274372238
274372232
272107684
270845886
632780
277343682
276691863
276246741
275762320
275442603
274923184
274682320
274544473
273899886
273474006
273474000
273473996
273331425
273331261
272053856
263454480
262037952
207933442
197652686
192951793
191372209
173674319
173449821
171253508
152160694
140307820
119315078
119315058
110205783
107412414
105232191
96585230
96550713
96546909
82390230
77576515
73585240
68984901
48060240
25206617
277346589
277346551
277346539
276435837
276270550
275763546
274993759
274872587
274544501
272369431
271847637
262037942
205814228
192951767
192860528
186457022
176522375
171587964
171089340
140768685
140309308
121172752
121172476
114584971
105159420
97923138
97922378
97517501
97513715
96579053
96557681
96552579
96546739
96546338
72944467
31193731
25749842
14158634
1891789
1891729
276270500
275694343
274993761
274989293
274986424
274986420
274872574
274682257
274549047
274544515
274544491
274457640
274457635
274372228
274084865
273982350
273982341
273962818
273948847
273474002
273344217
272369425
270053972
262674984
262037966
262037960
217181402
217172739
197687738
192860530
179586307
177941609
171063456
147380542
100285848
97480626
76479301
3679615
1891727