276297347
276294945
276294887
276158993
276139025
274420148
273942937
273446136
273268000
273118942
271433546
271313365
270468169
270113245
261944907
249875164
247681414
244303779
243732948
214809988
189475668
178034163
165701866
149525558
146272273
146272261
124638102
117079901
113656455
109398829
109392185
108957056
75834542
74859150
74855436
74687334
72454303
58621057
58546803
519000
277411894
276568285
276292581
276245450
276046648
274690699
273978907
272847247
270767725
270250329
269973681
253097084
252674255
252632734
235583117
217345648
195947963
194036116
190124164
186239061
169467070
165701877
117078988
113655533
113655001
111190055
92499641
92145952
75618391
74689832
74688966
72630718
72478188
72454134
72025427
71308674
49834684
722148
403252
402497
274900860
273950918
272125940
270766818
263072931
252596668
252159892
248861528
247311520
244183386
225386437
220754187
206240327
195950253
194862885
193691678
189172009
181752590
174319120
173969993
171618449
165987568
163476559
163476213
160821518
160155864
141799014
117080141
113656189
94646257
92499868
91777894
73633135
73262759
72222988
42684165
22228504
5909003
403233
403211
276295058
276294790
276245556
276177687
273950940
273022089
271328434
270983082
270826711
270436320
270435813
270130044
270126467
263264934
261971819
261944818
261944744
258496211
243637533
213975531
195948858
181783042
178033290
174319162
165701108
165701096
141837785
117078219
92145618
91372988
90523883
75970530
73655456
37941759
21471783
1275139
722103
402961
402455
277346885
276449587
276448711
276294833
275150288
273341086
273083089
271143224
270335547
270249664
270131507
270075858
269955449
253310114
247681784
247666755
243808407
222662811
222662512
217523934
213972837
195128953
194154937
185044436
181473031
174238776
173979677
169462944
168900620
165243550
160821451
109335325
92502252
83241599
78905710
72025117
56602532
21821963
403182
403001
277586831
276448428
276295206
276048810
274692439
271660673
271356488
271233393
271197844
270283437
263073172
263006058
262726295
262605255
261257681
250977664
214501439
196551957
191136030
179764520
175452178
175432127
175161617
174319086
174319044
165702956
165701078
160751602
119514317
113657077
90986038
75948755
75540522
74459955
73265621
72099175
72025284
22228523
722106
402107
276160002
271189776
270881538
270798266
270130914
270113249
269955239
263073138
262427238
252012132
243045272
195787425
195783784
193724488
192643802
190861955
187379215
186199794
181782250
175106408
159827633
141919587
124635904
82737185
74684836
74459612
72666052
23549254
437528
402679
402457
402270
276448390
276119780
275401438
274066685
273879744
272566000
271265002
271194845
270989129
270437135
270299328
270127265
263978172
263272770
263044391
262427204
253310019
253176783
252676422
252675755
198224318
196488055
194147691
194130447
185718374
181750804
181122187
174624019
171585875
162371509
158851753
117078840
112459341
96925334
75948524
74690289
71076107
58245834
47871687
403813
276621969
276422475
276422360
276389522
276251975
276135343
273304901
273268004
272830127
271165062
271082370
270812134
270471770
270298922
270249576
270138308
270119146
262640411
262427015
253310334
253183276
252673732
252632324
229695528
198238527
197749002
187403661
179786745
174851322
174319244
155255876
136942933
127032272
75617106
58442040
23551728
722141
402779
402161
402059
277411992
277364333
276091216
275320173
275120859
275119944
274024087
273473838
273245879
273942964
273476272
273291969
272053793
272035337
272035332
271379786
271369115
271305062
271145796
271144561
270983025
270250402
263063953
262651665
261037801
258480680
252163179
243120956
209888455
198270722
174319381
158773408
149526254
136942666
117077513
103512035
92500090
75751671
74690060
72027302
58124073
54683108
22222835
2283711
277460907
277031140
276800656
276422312
276389653
276389477
275120873
275120183
273456936
272443989
271519707
271487032
271270281
271127084
270767822
270767085
270435204
270334406
270118010
263106959
253188034
252574036
251448125
242484076
225205477
216450380
207563714
199516015
198481366
195787742
194563236
192287373
188276550
186369506
174319442
174319415
174319131
165588153
109576725
73726697
276118751
275121074
275119985
274970067
273291963
272897154
271379886
271237102
271222291
271143747
271143072
270860736
270847696
270803816
270436836
270435739
270236775
263861688
263072699
262640400
262640381
257847099
252563245
252073919
225368113
199112552
198269722
196208351
195573477
186304119
186080629
174848996
174848660
173137635
158379294
143144371
119446166
112059233
75757753
73879859
276622543
276245325
273852203
273641554
271983906
262640421
262640385
252584526
252575476
243497766
243083203
210402346
206230672
202999642
202529650
198527196
197669511
181185871
181123512
119468791
117077804
114951715
109576723
75947967
74860131
73267801
73263017
72032971
58259955
54640619
602665
74731993