275070990
273688683
273654031
257915396
225195105
212992261
209293348
208917339
201389626
199952945
199547423
197900441
197695174
188834740
185410051
178941195
167613433
167542156
166845892
166525103
166417499
166057492
149249711
147431525
140221935
98675067
92010741
77231602
68077666
53261272
42688676
34746977
2917509
2013617
1954469
1613345
1582315
1387547
1216541
833843
276442620
262656103
213565615
202292296
202154454
199889922
181996789
149251036
144482192
140221934
125732150
108956757
106897799
104908726
42681451
34745681