276191007
275859362
275005677
274458623
274458456
273322341
272532977
272532963
272422031
270502273
270053015
270052755
263450627
263179610
263117522
262895700
262895578
258894659
249853490
249611085
210154885
210138308
208056389
198572092
191779638
184886719
184314758
155833835
101262541
44605261
36710962
22605919
5747085
2062057
2016819
974695
526128
442290
435092
365741
277364446
276437908
274463013
273317880
272419637
263627866
263265611
263210278
263076931
262742461
250339537
250075967
249825700
248703442
248556230
232797296
210530958
210154631
209403260
196203928
193880677
193878733
193737142
193007617
191682424
190702939
128732301
74744294
74743888
50074793
31587479
23439011
14976937
7203231
706401
518019
517263
490046
462740
435050
276962733
275764660
275764632
274969546
274674751
274540949
274458733
274399665
274057576
273323697
272532993
272532955
272532926
250101527
249875754
214769091
209400291
209391896
204436526
198996365
193101395
184894941
184497335
109945665
108748254
102758273
70805110
66580157
45041124
29355614
22866563
7998378
5421241
2465259
976094
956540
907602
907592
682215
577213
277594198
277594140
277594101
277593336
277593008
277592968
277497350
263450786
263387806
263383860
263056359
263022917
262387280
250100660
250100422
250098579
249875468
248587815
193101829
191779038
116877755
102133139
89481481
87045023
55101407
14977980
2030899
560570
416393
277596662
277596563
277596269
277561947
277535213
277461842
277427149
276957961
276876279
274971872
274679391
274676061
274540999
274462330
274458864
273314861
273308560
272558454
271965423
271456400
271378589
249853572
217516537
215540879
209399412
209391301
198495145
193762658
193762110
193101479
191682238
191652338
190708962
190703506
185755215
184316187
59287984
50078286
35896699
2465235
277596754
277596583
277596523
277596023
277595504
277595319
277595292
277595260
277595244
277595112
277594616
277594570
277594560
277594556
277594495
277594411
277594350
277594206
277593437
277593318
277593289
277593214
277581198
277499731
276429438
275890386
274676217
270700355
263388567
263115266
263078439
263078031
263022999
262746444
214730932
202495799
202490910
193102126
193102103
141099835
277596726
277596720
277596678
277596674
277593466
277593059
277581099
277375232
276882261
274680766
274540557
273322511
272558542
272558510
272558468
272532941
272422307
272404185
271455929
263627785
263099846
262974025
261157770
217513890
210145858
209392685
202495422
174182866
168040135
141792256
129662376
108748257
50238883
50078284
10863581
2499711
2465159
277596744
277596732
277596565
277596543
277596541
277596391
277596191
277596155
277595636
277595592
277595479
277595341
277595242
277595209
277595172
277595126
277595028
277594982
277594400
277594148
277594087
277593489
277593477
277593456
277593448
277593365
277593355
277593340
277593011
277592956
277180721
274677263
274673607
274090094
263354548
263354482
263103298
22865503
1748623
516976
277595651
277595329
277595273
277595265
277595255
277594596
277594592
277594162
277594124
277594040
277593381
277593353
277593244
277427551
277427452
276876244
275856705
274855360
274679336
274420915
272532981
272532925
272419598
271455778
271285151
263450739
263450648
250055627
225936420
217514425
214921689
210144539
205236953
198583155
195472343
129662390
51991053
14948166
14934642
1599559
277596712
277596658
277596504
277596437
277596219
277595679
277595300
277594508
277594404
277594395
277594290
277593485
277593415
277593316
263104502
263080465
263070339
262783230
262467976
250100020
250075853
250075356
250074269
50076285
45026780