275694426
274501867
274020295
185411445
167561314
163888929
160270005
152762407
113589392
102138541
102066689
97922552
97603924
96588722
96556574
95090894
82003950
81587655
78554044
77702543
51031484
48010872
48010570
36573801
31877964
10714867
1891809
1891807
632796
632788
632763
632756
632737
632730
632714
473998
473980
473968
473883
473878
276346626
276261449
275687117
275610538
274407943
247814609
212480555
176522451
163932273
158618740
138461102
116976178
102066694
102066460
98132942
96557826
96557390
96550086
94904372
83020679
82006750
73585225
73585223
51031470
50392265
29286519
26591107
10714898
1891805
1227757
632785
632769
632742
632717
632695
473997
473996
473994
473967
473957
277552939
276349254
276349099
276348880
276346495
276346486
274986430
274986422
274020293
273948882
272053770
262674615
262674551
163932540
138608076
120472028
117349296
116972171
116962317
107005552
105665224
102138429
102063236
98132955
98132953
98132949
98132947
98132945
98132940
98132938
97922654
97922105
97454612
96555054
96544960
79395888
73585229
49654911
33452003
24900565