276421506
275686819
275686779
275686754
275582774
275582753
275582748
275582743
275582728
275582706
275582701
275582669
275582603
275582578
275582566
275582497
275582474
275582470
275582465
275582423
275582413
275582387
275582370
275582360
275582351
275582328
275582308
275582243
275582236
275582199
275582142
275582049
275582042
275437551
275434503
275414594
275414267
275411484
275190336
274144871
276852339
276616296
276156366
276103968
276103959
276103953
276089992
276089980
276018743
275902553
275582741
275582677
275582640
275582620
275582611
275582597
275582397
275582395
275582330
275582293
275582291
275582280
275582261
275582260
275582229
275582151
275582139
275582089
275440740
275439402
275436695
275436506
275415525
275414621
275414617
275407560
275402629
275400307
275400297
275399545
276103987
276103924
276089986
275985097
275970451
275825626
275823865
275582769
275582727
275582713
275582688
275582621
275582480
275582452
275582363
275582326
275582298
275582272
275582252
275582241
275582205
275582180
275582158
275582132
275582110
275582084
275582028
275467577
275467167
275442422
275441404
275440051
275437503
275435623
275412568
275411200
275408262
275236132
274728061
12024860
275402052
274728221
113399822
276852184
276743485
276471363
276464051
276428602
276103961
276089996
276089982
276020818
275985151
275970292
275686815
275582779
275582589
275582552
275582222
275582187
275582130
275582115
275582063
275467206
275467175
275467161
275422883
275415795
275415492
275415067
275414656
275412857
275412756
275411246
275411150
275407525
275407290
275407181
275403019
275402256
275400301
275399446
274942867
276828910
276670174
276328662
276328517
276103989
276089970
275967798
275582321
275582079
275467169
275467159
275467094
275441134
275440494
275440004
275439980
275436432
275434774
275415861
275415842
275415702
275415496
275415179
275414570
275414060
275413763
275407847
275407790
275407671
275407256
275407244
275402994
275402859
275402764
275402486
275402154
275400291
275399511
275399475
275399465
277441237
276089978
276089976
275582294
275582038
275467132
275467104
275442337
275441282
275439823
275438520
275435749
275435363
275415818
275415519
275415502
275415394
275415158
275414848
275414719
275414652
275414036
275413903
275412436
275411601
275411449
275411080
275408409
275407748
275407699
275407625
275407311
275407228
275403014
275402914
275402690
275402325
275415510
275415413
275414886
275414864
275414635
275414098
275412818
275411640
275411051
275408296
275407951
275407752
275407544
275407332
275407105
275403000
275402726
275402599
275402520
275402451
275402083
275399362
277441383
276437692
276115195
276103922
276089984
275440931
275440485
275440067
275439829
275437369
275436773
275415079
275414669
275413714
275413004
275412525
275408470
275408444
275407897
275407723
275407195
275402378
275399553