277486791
277410872
277228155
276833162
276602956
276525602
274923683
274777424
274468845
274099738
273464121
273360307
270504469
270234757
262662804
260810314
247858749
243006523
214496616
190335975
178502501
173515462
168662171
161383826
143513113
137561103
130996082
113526890
107484266
107464900
105078425
75996803
75996801
75947774
33543695
10920495
10581200
687505
648672
476141
277228159
276602957
275402819
275185544
274872663
273218979
272301561
272267674
271077521
270504458
270483549
213886896
210765544
205506441
201930492
198296789
197633149
195962334
194205624
185925166
170345809
146275421
132709225
130997085
113540580
113528224
109694578
104495915
91947573
83038164
75996795
75996779
74277389
68360474
59043893
57037220
50322434
44983207
586864
476150
276931262
275504550
275407085
275260359
274909676
274682537
274678793
274168273
274099736
273674015
273464125
262338107
253391262
214598374
204622537
203945197
202957471
201936514
194406017
192950697
178329201
145498237
127266241
126596583
116810424
107467361
107466848
107465198
92995012
85350807
79117391
75996808
75996793
42877486
7458015
2438625
2438621
609969
565846
476156
277452847
277139208
276559172
276559169
276273148
276174672
275611108
274099748
273596522
271414262
269992031
262302143
212992703
212992695
212992687
205506365
200954329
196180802
190539451
188229229
184095576
158745345
137432512
130863490
101634575
91272084
83749734
76526351
75996799
75996791
75996787
75996783
46332551
27589910
22725442
19345181
15265240
585065
557306
476172
276649434
276482077
276032136
275245073
274417181
274364385
274099744
273951054
273670964
271542006
270734740
263389190
212992669
180230955
129451276
83749723
80437415
75996806
72290701
50322507
24467217
15264907
568144
435597
276960031
276649446
275300162
274909692
274099742
274099740
274087111
273820752
521830
514184
277327373
277228065
276602954
276295673
275899504
275357671
274901266
274884946
273820780
273462151
273426622
273129302
273078833
269957423
262662810
252843839
208634753
203945385
202879292
201088291
200844829
185654035
172905869
172025057
168576292
168576290
168573387
137129727
98187419
83813036
74943721
68579483
68570324
66398436
60808684
58441507
38088629
20478494
614878
345560
275281517
273835814
273600945
273522437
273238816
272597241
271579039
271450209
270453684
270107089
263101544
249885354
248722628
246084888
239401699
208118172
208118166
200976623
196579623
195666954
195666949
191045574
188229187
178325335
171825189
168573392
146271486
126726715
105798544
75789773
55735584
17048319
3670499
648217
580142
573282
472491
419718
385737
381825
277361184
276583130
276029316
275827830
275460517
274922196
274589805
274185812
274028632
273978200
273820764
273820760
273820738
273820734
273820728
273424129
273174385
272419825
272321350
262783957
248722626
237166037
209165800
207640393
207024149
202879284
195962332
186199806
185024333
142419168
127752159
82041442
74021329
55605174
50322216
37452783
24984585
19792256
3035863
687893
612827
500029
450166
429450
274852727
274421677
273691907
273183945
271693533
271398188
271317004
270634082
263703086
263626767
261986331
261037182
257866563
229732614
206474556
197415499
195801212
195666864
185006295
183540310
181122305
150735534
137384923
130852022
117064604
113823786
107485579
107484002
107466975
105740400
99883128
71683057
57220063
56610154
56525484
53720983
31514497
603724
472499
414052
276896502
276583752
275185545
274909666
273238511
271626967
271515825
270824178
263387411
253111623
247978924
215136644
214739756
212961296
208508391
207256502
204053400
204053386
184095582
165593863
157043209
147988182
125590641
116566878
114843838
113252609
113001674
90896802
79117395
78974747
77965477
77965474
76777939
40357427
16562167
3035773
479756
439929
351846
350845
277611371
277591258
277350657
277345423
276275757
276139001
275320388
274909648
274823584
274537505
273674019
273589478
273547360
273474793
273135614
273027750
272168723
270504481
257866746
252725024
207642893
193736716
186187982
184235385
178323555
168899462
139600026
135552443
133845975
124764815
102600962
101639010
47501441
35303523
277555239
276529081
274909694
274867772
274316255
274189624
273519884
272964062
272936778
271734783
271416763
271312734
270880278
270824695
262792390
261985945
211309407
201821532
193736720
188947157
180998997
162100222
150022071
147898295
147346908
132709058
125790009
125509119
107485553
91530572
72290697
72032648
51950248
50322195
33543721
30764831
1664553
476168
442269
356993
276397408
276368411
275882211
275341917
275130297
274602505
274464073
273307422
272305819
272305801
272247069
271541986
271075591
270824262
270107085
263274636
263101438
261815205
249664596
249089724
230043120
217186216
213705499
202019484
196219855
192909266
181915297
147570878
137133569
116391623
105794986
98733293
96652824
78489026
74363196
5844759
476135
472483
454144
337191
276123439
275949463
275882397
275452691
274911005
273696444
273448786
273426636
273383072
272879956
272480193
270824196
270511009
270224409
270107037
262890889
215242373
205537709
205194416
204302022
197866707
195926983
193397092
193132966
191655864
190539740
185005917
180609940
177312721
176522586
145448936
145093488
125510945
125084000
77221447
58081247
1664559
572945
528484
381105
273677881
273238517
272879861
272477335
270059771
251985146
221284070
214741463
204622543
202961633
197633144
196019142
144448946
137432827
125347289
125084239
116594799
116594702
114987935
109124687
77627214
77221969
59048146
43810571
23147663
1664555
398524
345562
276559173
276529701
276290885
275907571
275895903
275627323
275571040
273850797
273795824
273711029
273421110
273114213
272882866
260814994
247933383
235728746
212314861
204317929
193737008
192988023
192510125
191923826
191059828
185654002
183513187
179510864
141607005
138342183
129278322
129198094
126730324
110984770
104461583
94259339
53249480
14610849
4097787
970212
597597
444698
276841766
275948995
275827638
275042769
274537558
273672665
273670876
273183931
272565739
272046963
271621736
270907041
270824460
261803551
252605799
251773235
251516201
247244811
222723624
208193372
208099652
205563558
193126168
192949920
190539378
186369201
174444177
171090363
168900845
146065909
141480139
136539759
116835648
113529052
113528866
81791006
56814899
33421560
612911
527396
277527086
277402682
276529653
276234394
274901224
274722276
274281712
273925967
273527863
263387409
263097037
262570514
272495418
272445709
272306621
271660480
270256964
263479771
260795072
246168347
229720872
208099658
187011198
177682644
177286692
174896145
174305756
174292370
153521897
150735406
143751849
125510686
109862100
78488882
55422239
50215929
46644576
39330774
17048324
3494913
687486
593925
455483
395619
277274551
276054229
274909634
274744704
274359292
274170487
271733302
271416690
270824522
262890891
260795074
251267427
247446331
246770367
244304777
209302280
208100697
201807664
197581681
196514294
180399896
173877466
172319353
166084144
161252841
161252507
116811874
105603215
89689413
3670527
2438637
1470863
647516
585135
540470
521211
476154
450685
415149
393789
276349954
275889023
274919398
274537554
274021890
273850745
273304897
273183943
272979497
270824520
262512076
262022942
260795068
253114022
247342419
215914774
212570296
206851772
206488721
205506427
203998776
202961770
201385670
196058080
193137986
188229201
185006357
176550507
170870013
166084142
137741291
110781184
108493412
87573252
78489005
74451297
58213078
612874
446264
419651
276151106
275940519
275927265
275676838
275671397
274380547
273976906
273899681
269957428
253111635
251980547
209603470
207401428
207244482
204878361
199969223
199106250
197464960
192949928
175155742
174300071
173672037
172319456
157824636
133845955
113529054
104732041
96652394
94347518
85739125
85716290
79129189
78488915
78488840
56732825
23427202
17937805
2438623
488211
392601
276930914
276497532
275256644
274682371
274368048
274156024
273691174
271135823
270824477
262019198
258215800
258215777
249415236
248773807
247978939
215913809
205537679
202957417
200853743
196579480
196522245
192900038
185088507
173406876
170490706
162844235
113526156
110883362
98187423
98082864
77928417
77627167
58710025
35283865
17048327
760040
476148
447336
430497
416962
276557179
276523307
276426824
276273785
275728935
274682370
273903551
273849053
273707169
273292229
273174362
272879905
272183702
270858854
270824452
270824227
270059781
262860828
262694817
249962222
249390915
244636245
242752298
205195112
197344443
194405619
183513480
183513295
137424184
135456886
114989556
99854869
20487658
472495
457771
428003
415936
393790
393787
355147
276618125
276252204
275926463
274553775
274408123
273850733
273645213
272891031
273600919
273174472
272981458
272305749
272200244
271817178
270907384
270824597
270224423
270107110
263207583
263101514
261151766
257835521
212993474
212314888
194183465
194183461
192950048
192949902
190539380
189250814
143292541
143185992
82936363
58802086
55283694
43016501
23134803
446185
395624
276479872
276396982
275973658
274844476
274571505
274460766
274357686
274168274
273543350
273476361
273135680
263799902
263564190
262605343
247944868
247930120
243086195
230039521
215257790
214740869
212927309
204053358
203739089
192987946
186751375
186104958
181927334
156824925
151007282
137654994
137430710
113526051
105795665
89689399
78489143
78488803
76755718
55282144
54711756
20460919
276596312
276396994
274909646
274195779
272299830
272270728
271728272
270717340
270237558
270214996
263209592
262792238
252000079
217764852
215104265
214234005
207566416
201308342
194583040
193616742
190544762
190539562
184231849
167019826
159871598
153521881
153302839
146988977
137341594
127493800
109113297
78489157
77222571
53299978
32737032
21170979
6009947
655679
516166
409083
277019957
276704120
275671290
274619152
274354344
273527851
272615594
272497402
270716149
273356240
273306774
272474177
270824705
270824699
263354653
262907130
212992701
212578819
208129078
205113384
197581604
197581511
179546681
137561097
128539849
125357107
85738026
78489185
78488977
78488963
78488822
78488806
74855019
53770326
35283867
20332474
1941523
742676
576082
276679464
276295499
275482301
274644784
274644732
274623696
274358149
274113638
274064090
273670998
273549077
273547364
273527859
273341078
273183941
263412996
263354686
263103911
263103807
253620269
247446371
207658164
197464952
196219995
195969709
185024341
185006259
184096108
171586300
162399340
153409003
143970006
116597090
116595058
81790997
80960219
50074707
38454539
835964
604674
275926686
275125985
275125587
274922188
274855922
274848005
274847713
274839823
274644702
273407838
271516179
270824361
263113947
263102425
263102362
260941677
260807728
260402437
257558194
251927159
246168420
243097588
242101828
217577418
216098760
215534813
193045250
192987972
185006482
185006030
167472429
164323147
138183855
91545351
73147321
55284534
17937795
2438633
626593
501619
276585437
276252175
276239076
274644688
274404420
274377044
274318851
273680044
273519260
273287610
127031970
124163445
109113295
100297802
92995002
91027759
78488912
57355745
53770009
19885956
17937813
576085
407512
386604
277389365
277138722
276827028
276801731
276289940
276164950
275752086
275671205
274571616
274566345
274471126
274032297
273978469
273645161
273585062
272571568
272480232
272477201
272305312
271285766
271197107
271194961
263577451
249219614
208917436
198955753
197923127
196897041
193856839
185654101
185405732
179233039
175526904
137425517
134670278
108002773
88798807
77965467
73437505
353095
277342699
277180965
277045723
276826321
276112041
275627420
275002592
274875647
274612301
274595555
274571541
274291154
274118118
274056520
274028823
274028819
272425310
271440431
270905803
263096400
262392247
260941679
251930468
248805399
248004811
247980944
214189175
203945273
201614031
195667680
187871389
185435847
185175742
179231970
179231949
176941728
138183618
136483081
124893022
350846
277341435
275731587
274444061
274118120
273926087
273868634
273845568
273637800
273533207
273456604
273204631
273135689
272476973
272421583
271930159
271913955
270300709
270246095
263091510
263033217
242101799
242101767
217765722
206331202
197907513
194670626