277564724
275621725
274676608
274674006
274133748
274124680
274117467
273309566
271350437
261840770
258634968
212110272
209393052
198285310
197620715
197620558
197219017
192951470
192951245
192951149
191778999
170870808
160654505
160604196
160604175
160604129
160402401
160402399
160402355
120459452
109860544
88046389
63973544
56002080
54729138
51520395
35446643
15857220
15857188
15857184
277593560
275622139
274675077
274133809
274117433
274100831
274045269
273309560
271350770
271350582
270397589
261840763
258639050
258638882
258638854
258635990
210514063
206248798
198285219
197620717
197620667
197620643
192951325
192951307
192951285
192951273
192951219
192951195
192951141
172025093
160604159
160604134
160604123
160402405
55288259
55288034
55287146
49556954
35446177
24594762
276959029
274675638
274673874
271444166
258639570
258634882
206248666
197652432
197620751
197530359
197222608
193101517
192951462
192951277
172025146
160402335
153990489
115935504
75324858
22985126