276586978
276586977
276586972
276586971
276375195
276080823
276080811
275893217
275893213
275893208
275399536
270769652
270678249
253721350
248544490
206491189
204000450
196150460
177117482
173772416
173771958
173137642
89402951
55071991
49181157
32415084
30989596
25407988
11472231
10411544
8121460
2987229
2987221
2211311
1864761
1534617
1534615
1534613
544731
540040
277443910
276238045
275819269
275007119
274858820
274034118
273384707
272671433
272165542
270708386
261151715
252974964
252973827
248544507
247741449
206491185
190231753
180327191
173652283
173433274
169262882
122521974
111971363
101548572
99944793
99681097
89402956
71898409
67040827
56244562
52498665
42735005
34746088
27993263
25407944
16135294
13425903
5502697
2987223
1864757
276869441
276586979
276456424
275399535
273434618
273289621
272165490
272126554
271424668
271416601
252062214
249875523
247935568
247238696
229704844
212214991
207395714
207395708
203039669
201209998
196021489
193322082
173433437
163477426
125732025
106190070
99681081
95249820
59342294
58615753
58078938
56727595
32586914
20865203
20084848
19448442
19297931
14188066
10411542
3344267
276869467
276586983
276305407
276238051
276054530
275893214
275893209
275893207
275820860
275819267
274720544
273670926
273406087
271539069
253069000
252966849
248544511
248544484
247840694
207395724
204953376
204417000
204416998
203457193
202781608
202781429
192950522
173651728
173433576
147568310
131376478
125732255
48648217
43950747
43892939
29290732
27732255
24823730
20105927
2210651
276827480
276586974
276481952
276481950
276080633
275820845
275399537
274719789
272226754
272165488
270502883
247238640
247219221
207395722
203945187
201243538
201243454
192950467
169303703
168303312
163739617
150245765
143714360
99681036
67088648
64243976
64240259
64237427
64236457
50954045
43829037
32415648
25502776
10772084
10639998
10281630
7239093
532141
507027
507024
276921879
276883047
276663633
276456480
276430793
276295446
273550375
273289673
272856936
271516022
270713774
253058644
252973940
252960888
252659054
248789019
217524944
201243651
184416406
173657695
173654293
145875874
125097177
125095926
122948908
104030066
64887220
64753721
43833696
32586856
25408122
24729031
23093566
22481087
20107681
16932476
14187698
5477709
276892028
276869450
276484648
276458413
276456469
274757392
273363623
270712551
253071368
253070004
253068956
253068871
253068856
253056980
252976936
252973220
252972468
248789017
242693574
221702852
217893370
214584817
212324108
204941471
173652410
173630929
173433838
64755445
35540297
34545860
25502809
25407974
24821975
19730238
10411546
5502693
5502689
277390680
277390679
277390677
277387375
277387369
277387367
277039332
276481954
276458415
276458409
276458405
276456422
275874037
275750658
274992213
274846680
273550312
263295378
253071197
253068948
253058149
253057443
252976906
249891130
248005102
225230190
220797769
220771942
219460788
214584798
173651952
173433941
153500458
125742313
125741591
125741307
30989615
20065128
8109416
3344265
277390685
277387365
277387361
276478612
276458401
276458399
276456475
276080795
274896741
273434630
271436588
271436560
270663208
253071220
253071210
253057624
252974657
252962941
252959935
220753750
203945191
116167328
43919922
39375781
36258383
25407982
13761536
7933986
7164099