276632157
274847163
271846172
271529537
271337170
271336854
262903755
254086348
253626862
248915788
247796625
210134582
207933180
207292118
203958083
198208149
177860466
168660451
146988913
137432347
137261730
112350152
88000562
58936346
53639899
50442812
50322255
43341561
32588523
25914368
25362767
24791923
24594504
15269213
11228284
11228282
10374185
7378485
569277
549173
276632117
275419253
275340826
275066059
271995036
271782414
271659342
271291311
270703450
263030327
257759943
253057779
253057016
252964319
247796547
223943014
214584800
207293869
206488498
205695345
181170840
175087242
100383090
87573769
87573265
72851567
52788265
50481472
45347827
42843064
38611872
36723955
32100386
24164602
23432013
8149278
605479
605468
540703
396673
276245536
275407825
275323537
275286930
274056720
273876653
271996435
271659340
271424843
271424762
271424683
271337796
270703581
270300603
263110127
263096327
260933214
259512953
253468323
253058300
252079387
247796599
195656061
181170807
167610859
92551954
56697267
56697265
48982876
37970494
34471316
26598924
19991874
19297959
14983736
3658849
3619425
3308329
709080
612435