277232128
277231267
277184387
276886510
276567409
276503172
276375291
276029106
275925318
275832275
275218113
274721707
274659447
274364976
273383957
273383954
221230184
221230165
220669832
211961107
210760811
207841197
207035097
200780111
185909452
181122317
174605357
174605333
153518797
132355740
107026335
73222804
54057017
21430150
19662184
12053550
4255933
3082815
750578
604295
277473736
277410871
277396890
277232116
277232079
277232077
277230657
277228146
277177318
277016971
276944791
276629973
275972670
275820545
275739246
274587957
273823248
272449822
272112011
272000020
271798385
221230178
214160508
212212324
209332786
207750748
195545515
192948869
192377682
183539219
181699608
150711999
73310461
55101289
50414725
40419929
14616755
5995381
985825
803663
277575399
277541764
277228139
277139003
277023935
276976932
276923165
276435389
276388835
276309610
275794409
275105102
274944428
274851822
274670314
273471483
272896399
272422033
270848489
247931447
229714489
225937427
205582144
196932335
192650452
190705658
189492465
187786338
180399888
170870017
170352285
162113132
137133506
77717876
55057571
54432859
10697870
8316467
850607
742076
277408444
277312828
276846654
276619493
276605406
276589488
276479793
276412215
276376942
276123560
275959699
275756749
275617967
275105099
274819165
274159944
270744932
270502396
252711642
252177765
221230168
195969780
194179664
181926440
179531182
167613673
153521874
137572858
137245900
136049786
106348528
59291592
58971676
57510013
23609991
7496313
5914507
4255309
532669
475232
277485930
277184423
276898154
276809055
276777423
276506445
276502245
276499555
276305521
273916397
273427914
273383882
273078990
271542062
269897426
257753579
251772507
84482597
73356673
66138066
54373236
35445322
23609973
23036852
11375863
5427635
1059886
534771
277462326
276625019
276552347
275219427
275061270
274101912
273621848
273609656
273401042
273331106
272913164
270716127
270704087
263584464
262386512
251997547
247444705
247442530
215530661
215110121
210965776
205883383
199592927
196441956
195722581
187898109
187660104
174099492
162025583
147568387
126755197
113526017
105740364
85923402
69248400
38363559
21949086
14616761
11253093
1052708
277539661
277505257
277501977
276601152
276290947
275903957
275857446
275785997
275163577
274869722
274354603
274115389
273670936
273291311
272353021
270660991
263105072
259568252
253722220
253056768
247447655
225971253
214770425
208118238
206361297
203923195
193007574
152364642
138183423
136482376
126949290
117832724
78014812
74487083
57117716
52611196
38363582
15447059
10032864
9734633
277582505
277555121
276485031
276267055
273725081
273385208
273379611
273304982
273094693
272562629
272047388
271336796
262783944
253234689
252260020
199177643
198256695
196001726
193116255
184816754
157054859
152875147
136482553
124892995
123860162
97507929
95211248
94747106
88057067
276781587
276566213
276368700
275861290
274970374
274593267
273971844
273493648
273408005
273261217
272964810
272076982
271162874
270770294
262386207
262060161
242487264
242411311
225908430
217383521
213682896
188040296
185909442
179372229
176909284
163928967
138221040
123962042
123957222
121102138
113528242
36701995
36701077
36700776
36314692
22652707
1511497
648113
277562582
277417546
276809081
276671051
276475681
275890865
275890862
275662742
274592660
274567766
274424409
274120548
273431480
273209229
271072655
263113175
253469640
247858751
198081689
196001720
192678445
176775793
174825579
173093869
146065917
138181039
129766811
109861883
106680736
82387010
78941010
57768057
21543161
14921530
8316466
7986378
4184871
706057
432255
373453
277394470
276949122
276473233
276366222
276319147
275697258
275174727
274819269
273952946
273896666
273646066
273467757
273151181
272872016
272457447
263208254
217613220
217522603
215733041
203945279
195971276
195960775
193536640
190546770
187859837
178583281
171464384
160671704
148940423
145878416
138374239
137403600
114895808
92004405
36374776
26426767
21682921
902571
434151
428469
277252202
276951250
273521157
273432204
273246847
272554910
271578963
270949415
263303876
262656105
259568250
253561640
252714308
247564778
212993123
207888323
198530642
190726661
189588238
185188826
182308556
176778974
152360147
145393967
130788138
128711507
125089619
109875938
77230269
53805994
44640198
29354460
27611075
17371477
703659
423247
359651
277464366
277327478
276848845
276323540
275513789
274843623
274805413
274777456
274253022
274064789
273916383
273688233
273558913
273420463
273356410
273119505
272181775
271994972
270703085
270511590
253470339
248957293
247901958
217613314
198259283
192698910
188783858
153521894
137592815
125010640
93950424
84992112
84992104
73609435
58158189
10972532
6430729
2224869
1655215
373454
277399913
276814828
276602825
276376397
275882480
275793130
274844571
274826607
274770507
274169524
274020237
273708922
273670838
273669206
273656601
273401486
273289429
273011269
271583645
263589135
257786959
253297555
249664000
212314818
205506489
202475533
198254467
196813037
195927519
190252472
188489945
129138336
110204781
104558545
91987424
89897499
19939662
5427639
1708911
397727
277460545
276639738
276501323
275543543
274851866
275504703
275008808
274990292
274988634
274153228
273465769
270767590
270703331
270224429
262871311
252296467
248004854
217500534
210155782
207597100
206860997
202395234
198295771
196158473
189076883
186692828
176760992
152362702
151970379
136482622
135435858
127032140
124327259
114139386
91985051
77221091
22730360
10498526
391913
277354173
276707318
276639743
275896432
275377346
275348644
275062635
275001074
274777452
273986433
270810357
270768820
270744258
270214157
263047126
255395408
253234606
248498509
248414041
221230164
205591391
202849076
196159066
194860197
189174216
180228428
172152596
137444532
116631259
74895286
72908467
40346444
37216338
36701718
31515909
22383811
970451
720024
355054
351736
277498538
276958576
276921623
276406090
276405348
276030575
275947467
275747195
275607388
274964871
274185977
273678514
273468767
273365573
272830181
272558422
270767574
270717029
270303836
269984620
262472891
253721633
253472195
205071249
200774156
196537640
196280117
192949822
192333878
175811972
167613675
148551653
116140851
109885836
73230276
29341024
22172692
10374167
703262
392103
277505380
276679783
276305855
275579027
274917119
274664061
275018257
274884093
273478804
273407612
273219860
272222883
262800020
262388281
253700439
253104726
252387338
252012139
249954446
249821261
249569667
242410860
230217882
208739113
204667254
203016687
202529528
201843848
196156593
191494268
188039908
186230535
184218174
177234580
176080849
167614216
136482374
125405888
107707582
89894259
85051103
535936
276764113
275659811
275229521
275019546
275008817
274664934
274660121
274590491
274355964
274255135
274170453
273360159
273354482
273352083
273287498
272964882
271848272
271585791
270806595
270745052
263703126
263369966
260925428
253472088
252687789
247947888
247902016
217750952
213753366
209603448
197148677
195510150
184052771
180399884
177274872
172305572
107059008
21574056
11904387
2732175
276719349
276624648
276597815
276579799
276564398
275853599
275359230
275086012
274933912
274290665
274075672
273510606
273221808
272633175
272577444
272561192
272421645
271959377
255430605
247902013
246208114
242434118
215560907
214493574
214189169
204539803
204464321
196579276
196156984
182557984
174215065
160921261
109861878
102020823
68136947
67869935
57771206
1709231
373464
356293
277511282
276663068
276593207
276587727
179215185
171292200
169218380
153521884
137480752
130475665
127033389
124112425
84893716
36701993
36701714
36701169
31207448
17615869
11801215
276618375
276329134
275433453
274106696
273826424
273826412
273647378
273641910
273520663
272113003
271580438
270825794
270713353
270700181
270223741
269245915
263680401
262734976
262699759
262473005
253080067
252671963
252563985
247901988
247761862
247446376
222661063
214932947
208126950
205973467
197653591
184095534
180316336
164323165
146226413
141350021
136482372
109088709
41883481
697231
277038230
276957462
276496278
276473389
276430395
276335070
275971477
275240018
275056963
274943787
274926171
274858461
274844966
274071189
273669202
271578987
257512375
224098970
217125737
210733655
208648719
202062559
198651169
180954690
171651722
171022514
159976898
158868251
127033378
91553055
53771996
33807380
33650450
24862418
12042375
10439644
8830875
375232
357949
340278
276270570
276107956
275959709
275749957
275355920
275157331
274917268
274835414
274046769
273641751
273261046
272857051
272731122
272320075
272297183
272255765
271986186
271428964
261963887
254079127
252027091
248896593
248608700
248531100
208686234
186088887
183907611
133933326
129138512
88979845
52278279
49335537
599881
277481503
277437213
277384931
277383056
277267449
276744311
276639729
276636377
275832327
275622494
274584136
273678547
273669554
273097674
271376302
271245392
270789252
263085140
262581856
257534088
251984649
248982341
247902009
247446295
226675952
221274306
206205014
204464347
203982690
203199595
201055505
196532438
167613818
113429271
76588949
32613967
11338092
7174059
548936
543067
277474711
277473653
277369757
276624652
276601109
276292192
276006833
275936476
275922893
275831799
274320006
273238968
272859049
272425528
272360972
272320219
271585521
271428962
271336642
270145378
262701379
262584402
262567738
247345144
247060779
212992967
207553712
206560923
186369588
182848943
179491529
179170837
174830030
138183950
135442449
133042560
90671178
57245134
953254
350897
277411500
277295519
277272116
277183787
277028403
277008946
276920147
276869428
276624688
276624682
276065460
275896414
275134364
274669662
273083477
272244050
271318632
270744957
270700091
270441391
247942824
247346469
247238637
229972374
229972161
225209319
215122932
205809708
205694709
205257997
197546266
194787294
205129202
196186225
192949956
155306704
92551829
10911587
277589165
277463485
276248075
275659914
275466162
274553835
274143511
273441360
273238914
272558676
272449873
272319441
271578967
271578893
263703132
263703010
263196429
262815722
262699866
261975080
257609037
254896320
214594095
213599752
210138622
207477122
201916814
196754003
186202650
182541311
176765023
176748133
147356894
127692188
108956749
104912501
74851706
8325631
1661645
1606097
277472632
277463181
277381834
277024656
276922517
276922470
276814896
276502243
275289899
275229535
274997547
274422534
274291158
272439470
272251373
271986949
271578991
271535560
270963430
262037786
255317043
253043598
253040744
252685427
251532718
199168146
195996564
159390257
152366797
128711528
127033402
124893027
75455504
68138365
54513043
53107730
36701716
11259257
3495011
434209
277484479
277279936
276569625
275818407
275358795
275320849
275209063
274920831
274845861
274833695
274686531
274106165
274034720
274017874
273943716
273169330
272186886
254079111
254079083
253360829
251275847
248731987
247902022
247902005
247901944
210525157
210455801
208056259
206206041
203606108
203392649
178034736
167613685
159974181
273511709
272032661
271530239
270904925
270852758
270708438
270702669
270492110
270117858
261025041
253317471
253244995
249885473
249408515
247946268
247484533
225385681
225208356
215141187
206482287
205704823
204740789
199118664
199109460
197415317
196028623
177186124
176778489
138127573
137446014
133940726
53806059
277487874
277466553
277305596
276611991
275866991
275664523
275538383
273458608
273328444
273309246
273134801
271556717
270441998
270117886
262859263
262741496
262060167
255611998
225208354
217411469
217411296
216462127
215080466
214930618
214769263
214582233
208068862
201829037
198651072
198495101
197653394
186692383
179167742
179135633
177887523
176789050
155306711
148047483
120183802
116645843