277553067
276928443
276641698
276451290
276377313
276377311
275599939
275237444
273822788
273476653
273401813
271916321
271162836
262662798
255480979
249876840
209891492
196515659
182774477
179063576
179063555
179063553
165030729
157240665
113540588
48629553
48629535
31509726
24951095
10383904
9948009
8886007
8886005
8886001
8885995
8835157
8835155
7369223
6807847
2576813
276788987
276427863
275948238
274671393
273038602
272471109
272255010
271516488
270661995
266552447
263241975
253656607
249876843
248557255
201424548
185443170
179063579
179063562
179063535
169264031
129766531
129138203
125760043
103663136
54753892
54567406
54120846
34842759
32788332
31509724
24186754
11078646
9948023
9948021
8835137
8835135
8835131
6807857
2316591
580326
277486793
276627788
276327744
276138371
275259876
274089009
273958991
271950482
271518947
271518942
270771590
270768954
270167959
269844400
259542137
255480976
248560215
246208913
201424552
201424550
201308301
191807771
189573145
186578986
171876675
169263998
162140222
115802283
110850682
54925983
54925852
54445420
38084794
33478110
33422967
23026910
13624080
12540346
8835141
539039
179063571
178240555
176752919
176752916
167631906
159820679
158755825
157519559
68267007
56801009
54752456
21572486
9709310
8886003
8885997
658547
276976050
276485009
276405558
276139520
275882402
275882400
275882380
275882370
275171048
274548291
274443993
272304334
270832906
270651422
263456777
263195959
262821865
249892254
201875108
197536717
192473846
187622782
187621295
181699684
176168290
173360392
169264230
169263845
169263688
160370179
137966351
128711617
128711605
109861916
58453324
54788949
34746153
23086460
22942245
10752426
276967943
275975252
275624197
275377260
274710772
274024097
273946454
273286238
272426892
263195946
249876163
242085602
220669871
212213077
196554760
194568660
192950998
192127165
185006347
181448909
176761126
169264521
169264510
169264425
169263797
159785873
137941343
119530429
110595955
100023508
38086680
35618532
23223789
23028216
13311708
8004756
4790473
2720383
712737
584931
277197087
276724352
276655738
276147984
276139935
276119608
275325095
274911023
274807428
274670341
274670118
274069249
273221986
273151004
272244596
272155896
271983691
271163190
270303080
263396095
263209521
250063683
248745950
247407909
186578226
176168631
176168488
172476812
169264380
169264162
169263636
162399518
128711597
127032647
127031804
105366564
71078787
48595528
8886009
555474
277498447
276779775
276258813
275355793
274892581
274709406
273483022
272896886
272155854
271424757
263644300
263396117
262464216
255466187
249919024
212351546
202604269
202529384
196320744
196069009
192134792
192134242
187622681
180400046
169264519
169264260
169263944
168342302
168234712
160591606
105840461
96750999
73769169
73215353
54437057
39370170
37157182
9810506
9794500
585192
275882345
275355743
275002665
274754456
274069259
274069253
273687357
273624388
273475273
272255867
271063289
263953380
263636855
263209495
250062784
217125617
198328190
198123525
195549418
189630837
187621355
182974873
176752910
169263940
169263912
169263503
159872005
159684148
141823724
130301833
129138427
129138382
127033477
113540576
77036051
56801013
36373369
32463425
32188061
602400
276159972
275882438
275882383
275882364
275882339
274998155
274960020
274709667
274709437
273456542
273120252
272571444
271726555
270789830
263246499
252859732
249981439
249960051
214189287
205279854
202767892
196338938
195028694
192135010
180400044
169264722
169264595
169264537
169263779
169263483
160591608
159390020
141825602
137941404
127031530
59362961
55512491
10383768
704844
602393
277211509
276706869
275894648
275882349
275341010
275066533
274845197
274803207
274459853
274442918
274135296
273946452
273823378
273722007
272406499
272371546
271726397
271286981
271163111
263980976
262890923
261969101
253264594
249700047
247681687
243152486
217125753
217125693
203292721
202529485
183482875
181773398
176752872
169263967
167615300
167057485
158815846
127929590
35612764
34465505
277041534
276640808
276329036
276259944
275870298
274989809
274327608
273929281
273708581
273047299
271136786
270832861
263396087
249348763
225212146
217125772
212569029
201390510
198957716
194794462
194773029
186277397
176168494
171556714
169264246
167613323
160591593
129138593
129138407
128711519
105633605
77222235
77221347
69177759
24193857
23225993
8835151
8835146
712721
479793
277344071
276555668
276485010
276327950
275799201
275363528
275315077
275179350
274729004
274709539
274664780
273714756
273708416
273384521
272188113
270790267
270787896
270769934
270769928
253276953
253268913
249983292
246105948
243243150
187012118
176168263
174829970
173360378
169264678
169264577
169264266
169264218
169264080
169264005
169263642
141821393
127031828
23290616
23012434
3656561
646702
277497276
277383694
275321348
275289916
275179594
274752019
274665189
273351100
272189818
272155329
271949130
271739685
270771534
270069083
269980681
263980964
263953361
254148846
230054694
217125750
193736964
193736848
193533039
192135153
189574355
187623138
181238423
176168474
176168458
163793847
149771755
128711637
128711525
105896044
84791391
84791365
74569926
74458743
54924992
37304403
277347920
276762144
275882444
275584568
275286928
275180343
274709916
274442976
273478863
272183770
271073678
270789366
270773985
270732378
270301274
263980870
263104639
262067642
253252637
250133802
248774527
215120543
207999640
202604410
202604399
196338872
193736840
190110011
183509411
127032226
84791373
84791347
74547201
54751310
54437035
52289083
35612352
23372816
14660321
12198487
277428157
275894639
275894638
275829911
275322627
274887090
274654348
274536081
274454007
273151273
272350449
271063283
270789289
263953351
263396066
263396061
253306391
253236039
250062266
246669431
217125796
210766198
202604356
117064539
116904754
109861967
109640986
72587932
59234015
35612451
34844144
8835133
276735067
276473241
275824062
275122071
274886841
274704425
273221072
272189486
272155341
271303219
270847565
270307119
253271402
253235553
210955808
205973458
195318359
193736956
189573140
186293380
185005861
184758406
181238278
176168428
173576949
172408346
169264473
169263670
143144251
137941271
128711659
127032923
124893076
114895504
111498894
73161769
56801325
54751682
23046217
441297
276779771
276485047
276430052
274792720
274732042
274503596
273707216
270773570
270754160
263980872
263209493
248707420
248000095
217125715
201386017
200848877
192127631
187622499
185006384
173360431
169271473
169264222
169264160
169264074
169263839
169263810
169263650
159588698
141662739
129138254
127031640
109861893
84791323
54929461
54901921
53935552
34747421
33645200
13311704
4086873
276485042
276485035
276473428
276329186
275882460
275882392
275799463
275237446
274821415
274455244
274095194
273890749
273256865
272639470
271218727
270512342
263980972
263953370
263953354
263953346
253235882
249044139
217125631
202604364
192133524
185006451
179797060
176752854
173360358
169264214
169264052
274357027
274005518
273954036
273682502
273621870
273244799
272558739
272558726
272231598
272228130
270790619
270701808
270330081
262085472
253284269
210524175
203429179
201843689
176892645
176168243
171551613
169264654
169264613
169264386
169264148
169263932
84791313
74528057
34512553
34472236
23007855
9726705
1026610
277342552
277211858
277211832
277211816
277211792
277211764
277209433
277207744
277207688
277195680
277194470
277194426
277193926
277193850
277193788
276684677
276473645
275341716
274838801
273954038
273581650
272466517
272339670
271950475
270790580
270774961
253253236
249959163
249891138
249208035
223774271
193736876
190094101
184284330
169263908
144454970
127033012
53901799
32217171
23002389
277211904
277211886
277211800
277211633
277211617
277211536
277211519
277211421
277211387
277211379
277211333
277211301
277210512
277209547
277209327
277207680
277198832
277198236
277198216
277197257
277195764
277195672
277195456
277193974
277193932
277173482
277173466
277173431
277171792
277171777
277171735
275162026
263396077
263396064
247842875
202509760
195318947
173360439
169264745
23376172
277211839
277211794
277211718
277211603
277211598
277211423
277211336
277193483
277193374
277193324
277193169
277173351
277173110
277170596
275421135
274357341
272195278
263980930
253057466
221226980
215795494
201385955
196338940
194769793
176901110
169264651
169264623
169264480
169264444
93238617
50678328
277311839
277212768
277211826
277211820
277211798
277211736
277211657
277211642
277211629
277211591
277211457
277211447
277211443
277210900
277210396
277210392
277210016
277209846
277209736
277186600
277186548
277171710
277021915
277021287
275362282
275002878
274498573
273932744
273746596
272794073
263765099
263396081
217125670
201385739
195300142
187622614
169264210
169264014
161245928
76527781
277304790
277210532
277210442
277210376
277209890
277209842
277209809
277199317
277198718
277195738
277193247
277186412
277041520
277021289
276405522
276405497
275882404
275882395
275882355
275882328
274948145
274498027
273258016
272558800
272390378
272239768
272183335
272113677
272113253
271373453
263195984
258628307
253393422
249881537
246931172
246641694
246277771
246209167
196467157
195862532
277304870
277210576
276841090
275086142
275026095
274987182
274881202
274563600
274276784
274095197
273725364
273569559
272132389
271920774
271916250
271316590
249955198
249940859
249892424
243096175
242800290
212218318
196514665
188043845
187017435
184419902
169264374
169264019
169264009
169263914
169263851
169263638
168356741
160591597
54901531
20823177
276950226
275335309
275284313
274881218
274846248
274669666
273887741
273409669
273167076
271063335
270789766
270789062
270787132
270785798
270773999
253264217
249052137
243223749
243095264
242627788
242501837
210524742
210514084
202529608
200923232
193530125
169615192
169264743
169264432
169264322
169263922
167930207
128711719
128711534
127033074
127032025
117064837
114895560
109861871
84791317
277570033
277474766
277211806
277192809
277041475
276950224
275322479
275322271
275286985
274709620
274709385
274553420
274370334
273556823
273260646
270790641
270771741
270771731
270770604
263752268
263209540
253304986
253298695
250129386
249208055
248767518
242796085
195941247
190096652
176168314
169578634
169561964
169263936
169263891
164465528
129138329
128711491
127033410
109861961
52393319
277214825
277214541
277211824
277211667
277211563
277211449
277211349
277209329
277208028
277207972
277207852
277198214
277197155
277196851
277196825
277195484
277195478
277193913
277193886
277192963
277193860
277193052
277192821
277192807
277170700
276428662
275987411
272620595
272284988
270963920
263645310
252596721
214930808
202258939
169264498
120183136
277213887
277208752
277207848
277198226
277197039
277196693
277195392
277195374
277194452
277194432
277194354
277194198
277194196
277194114
277193882
277193856
277193783
277193082
277192915
277192879
277173433
277173363
277173102
274073015
273725442
273504399
272419667
263953348
263089118
262890866
245973530
217125782
216356990
195663529
187622903
177187935
169264452
169263981
169263789
147415621
277211882
277211788
277211766
277211724
277211653
277211613
277211593
277211505
277211475
277210136
277209950
277209571
277198792
277196775
277195552
277192965
277173112
275600220
274004788
272310237
272194912
271379542
263980997
262636234
253005254
252861922
252244750
249919981
241040418
217125780
214189168
209415545
198416953
187622556
183341335
182976021
179144901
173561211
169263580
627222
277527208
277496917
277421992
277304809
277211375
277209617
277195736
277194416
277194408
277194194
277186608
277186496
277171762
277041580
277041530
276902719
276559508
276546497
276275363
275850539
275602582
274526667
274185327
274036165