276473975
276333509
276247003
276039393
275750388
275698438
275442335
275358558
275358536
275167650
274828673
274360718
274360693
274195815
274178440
274113620
274096567
274096565
273984601
273982267
273887874
273592919
273355948
273307353
273281848
272964306
272830119
272830009
272249843
271785127
270268662
263563863
263413032
262902123
250230131
197623288
196917437
196219979
189556177
116947308
276744220
276370492
275037781
275037418
274820136
273642349
273473842
272249581
270496977
270496360
270118370
270107041
267317132
263964657
263639163
263572531
263369970
262792186
262082307
253555917
253293514
249646487
249532010
249349430
204438893
198188959
197623887
197622744
195288464
195288447
193702144
101933619