277483595
277483586
276528253
276320197
275300077
274777339
274423657
274423655
274118146
274118060
274055705
273486371
273372255
272388460
272382710
270744256
270744149
262696808
252869361
252011892
247763938
247763822
213997969
196291967
195662912
193736734
192949035
192474348
192474346
107484526
107484418
73843096
72152617
68330624
543026
531908
480059
475379
415645
322295
277270060
277252336
277019438
275042827
275023130
274730593
274532045
274458348
274028353
273486385
272810270
272047730
271781134
271585607
271518960
270708741
270677472
263453455
262393330
253620239
247763823
242076139
214815376
205302255
199614166
198415074
195662920
195623886
177860560
167034119
161256048
135754585
135754581
127654483
124764800
115967778
57300937
52423046
466786
441357
277483583
277483561
277483558
276906652
276849989
276522057
276123459
274776990
274537512
270907247
269946624
252585644
249277467
217887576
214493495
207755506
205942270
205808435
205303075
198195140
198075699
195623888
193045203
193045183
193045153
192774787
192774628
170325073
168663647
156221826
130429026
124939784
117720280
74404834
50493901
16683163
867702
506866
409926
357462
50495419
38223391
511102
277483604
274523892
274028491
273820746
273475317
273306945
271817142
271342465
263698285
263208908
214731982
207841121
206488463
205705355
205148550
194183521
193856755
193397079
192774789
192774661
192125804
178831533
155567461
137134254
129381390
112723154
107483534
106348515
106348365
91947575
70369787
68341626
57318079
49377595
44976195
44976179
23940383
16683165
991489
446622
277489825
277483612
276477774
276076023
275429511
274417241
274415838
273328813
271518927
263698281
250064587
249257288
215914908
214815378
214493512
207676059
198415071
195444056
194183533
192774645
184075450
173672148
171580593
151950622
130388744
117595534
117595528
101757426
52645710
51307893
45370386
44976185
44858370
31515106
24263973
16683175
626832
470476
438563
409917
274539584
274532089
274407710
273537988
271518953
271518932
249789420
212961200
207643046
195443914
195443617
188473496
179063574
176756963
175526729
173515427
171580778
171580756
170466604
161236957
155114525
153409153
148760921
135754577
119026296
117595537
85257261
80959859
76127846
57318091
57318077
55518626
55514210
53467527
48754598
34567948
16683193
276931732
276655649
276329581
275878783
274726664
274718427
273879075
273472918
270711172
269973467
262695649
261968977
255306240
248723256
248650681
242411375
217500528
215914902
212326174
196180913
195623865
194183555
183538690
179063537
166084169
158622113
146273686
146273558
113004693
107706955
82508140
68330589
52423044
50215806
44640251
5829055
507657
506942
474744
277326404
276932708
276252157
276252139
270745701
270717599
262451717
262292753
253179108
253178419
249535092
219460680
215914904
212324489
208118285
206474450
194183551
192673704
177914173
168654381
149778994
149520471
146273857
126852606
113791050
107804379
100118827
91561298
80414669
64345889
35256727
34751481
32221494
25979833
1028604
543034
475219
461579
407447
340996
277610817
277581080
277483610
277480724
276008391
275279887
274539583
274532121
274532103
273024273
272870516
272232835
270491908
252714248
251590724
249246596
248722643
248650702
217519801
214493502
212960206
212326091
207933149
205291614
202878550
196781649
195624233
195623864
186333712
174305405
127654475
116566805
105933087
50495044
22135953
638347
506917
474297
466787
455446
277591261
275279908
274567067
274532093
274372039
273509140
271627687
271443135
271278483
271162847
270626251
270056112
250064578
248585458
229766512
214815380
208271120
207652108
201424556
198643631
172421990
171580812
160814449
147351225
116396529
107706968
105933085
76127844
72688720
44640247
44640246
44640244
23228825
17115799
11188075
8383420
3492351
455213
275942600
275416524
274423663
273989024
273238505
273043908
271342394
270717370
270713158
268988685
262451699
262302139
249204143
247979158
209603478
206488381
202961379
200970455
197604114
194399085
192774655
170159218
169377256
167509020
167462088
146396600
137504716
113000565
108956897
105933089
87106078
85375478
75540978
75313088
58709682
45370384
32219479
14875797
7032749
1188847
277459782
275453457
274192176
273670808
273328509
273043916
273024256
272057415
271440322
271231120
270123242
251785013
250064577
250064555
248650677
224146336
222723607
202862582
198643657
195623929
193857985
192850237
191904863
179584494
177145316
173093796
172024872
160814616
142791752
127654501
113528449
113527298
81576613
77589055
48979812
22169370
17937821
16136449
507100
415632
276906620
276311519
275749876
253300182
249285521
244303794
214617646
212326139
207317552
188473494
186437518
184859042
170325064
167043786
137375322
116396532
107804390
107356353
106996103
99883135
86876551
86876541
77988136
77581022
69064621
63516907
60027350
34750473
14273562
3248911
2805873
455449
409920
276841313
275882464
275453459
275453456
275453455
274892122
274644664
274423667
274423390
273895311
273670948
272740638
263091503
263085361
261151699
251983674
250064597
250064593
249257305
247764031
215917014
201308014
195472194
194787364
193736838
193736791
168559520
155114511
151950458
151950364
146224965
134956100
106349222
106349187
90161325
51307899
1519879
897086
536428
357789
276841315
275124693
275071634
273328770
273246004
272270954
271302991
270833205
262590342
250064644
250064603
249610692
242992954
217207427
214617644
207658289
196291948
192774793
186495638
185668581
179063551
168181464
162399320
162140236
161225822
151950640
151950445
146273653
146271750
113525958
109765131
50361506
24166013
11347722
3336551
467751
466792
446440
410951
404524
275793540
275300046
275158051
274968660
274852468
274678753
274644665
274423399
274302398
274164656
251983699
250064575
249535151
212324472
207652106
207646233
198495099
195844959
195623885
195623866
194959716
194959708
165038792
165021300
165021187
157345827
155115309
137430457
113526299
101721569
86876555
80959965
80959959
76051534
56609173
54018431
32346893
26169810
20480432
277457729
277019445
275946498
275839412
274592774
274423575
273707668
273645199
273596510
273550372
273509146
270743783
270111000
263970117
262704543
252412044
249959545
249204097
248650676
208105641
204664101
201424554
198643645
192987847
192950615
192650772
188587618
160586431
113526015
106996109
86417700
74943734
44976187
44640241
38386218
31515433
22135939
10930944
510981
413763
275946735
275895380
274019128
273909749
273891605
272306667
271231134
271070933
270711503
262798079
252714176
252133484
251872606
249665000
241667373
225264101
214731932
213997967
207317562
201424629
201424624
194086796
193736940
192650013
192643658
186495758
186070609
180539871
152177886
146273554
91561431
76117847
74943740
73924633
44859064
32219196
4444013
3336541
690983
437296
276382528
276349373
276178244
275714248
274890211
274882993
274564195
274178418
273929914
273620927
273041488
263207521
261038009
258215814
247716843
225958870
214730908
214602161
205595207
199969275
198295812
195623923
194199169
193736640
192950471
182149675
172421969
171824867
171581062
167451223
155262822
138184007
130416590
114693733
107707047
76051540
75664993
46253701
24165208
557698
276396848
276045940
275898999
275881910
275028145
274692157
273878976
273672433
273596518
273243120
273046073
272382666
272047728
269947049
263104942
260435009
258215737
253089435
251268401
214752601
213997859
197626809
196058147
169818038
163264792
162025676
155115303
146271325
113957508
105933090
73207155
66580003
50493678
26169808
25200700
19415188
14273570
507230
506857
460884
277019431
276353646
275284386
275080375
274713236
274156050
273553714
273281854
272436597
272305404
270743900
270716082
262451742
252726857
252719452
249664984
247657233
214827758
214752580
212560913
207811606
207642895
207317538
199943977
198643654
197464861
194198390
193724449
170729094
170727978
170325063
167451568
114885639
108130859
99192373
69658257
56609169
1037982
720079
467756
276562880
276394246
276166584
276103377
276005664
275899695
275739295
274719168
274532051
274028612
272406017
204803653
200653378
198573848
196292026
195623931
187011210
157859813
137375212
135754583
113000511
95005770
92993538
90148850
74811913
73924623
68341624
58439244
54766211
50494862
9680421
536424
472092
275899502
274564178
274298037
274195518
273596511
271070943
270715506
269947075
253040784
250338939
249825571
247936742
244303863
217500606
214753055
214651540
214602164
213886840
209603460
200705619
198576911
195326349
195283653
192950974
182149667
172422119
161633752
160921259
134947104
119313687
115881965
90520469
86876558
86876554
86876539
73300179
71907864
64237754
31516011
453885
276781575
276098417
275377663
275218103
275212223
275199535
274871959
274848100
274713234
274077425
273480257
273154755
273152200
273126460
272497448
271510653
271448695
271287629
270823430
270110939
249966235
247777202
247271224
216399506
196292004
195328052
174531862
167615735
159814780
144037025
137483338
126852979
114044031
75715460
67966680
64253752
5829051
507237
507087
453830
273785956
273620977
273597078
273028758
272305929
272305835
271659332
271070917
270845321
263303970
257835579
254139407
247930804
247446408
206182170
203945346
198562073
197496604
207971144
196292048
195624194
190512989
162259560
157575650
146362951
137502312
137440092
135754575
77221909
72291822
58166244
38110790
6621279
455389
453879
277029142
275060923
274260575
273982265
273977444
273134664
271817224
271659352
263104518
263101484
261967187
257835583
257835581
253248179
246160537
214651489
207755516
197889985
196058076
174321379
169818559
158868334
155114523
146271801
111107247
108956724
103474777
90162846
81035308
73228542
72606254
51617914
34751487
24164518
11347724
1985899
1985897
1037976
417637
409911
276906633
276551848
274749452
274713230
274547939
273850801
273518765
273341144
272844545
270957730
270957700
270302188
270253565
270107306
260803532
252755673
252537630
250020099
249921236
249025995
248502095
216178139
208118212
201088129
192949290
182603727
178831442
171580885
165021271
146275540
111107629
94778104
81576595
58708640
20337465
682126
540494
474801
470652
467748
277019440
276841312
275842858
275836583
273154597
273152188
272832544
271480204
270716084
270712188
270708794
263680566
255306245
249664191
248722622
214493488
207652808
207639415
205808501
205808083
202507676
198577187
173515446
146270557
109776157
90245767
90159295
84872884
80358970
74247025
72527101
66398403
64334555
26439627
3336547
506943
466803
276833476
276621005
276599070
276123428
275807735
274597685
274526267
273702044
273043886
272358927
271162838
270796316
269946744
263680675
249664620
249201927
248722624
247815633
217535504
215152352
214602162
214493520
212324482
207566234
202961389
200705608
200673101
196389798
173980503
169339544
146366535
129767964
91343797
87106086
77222107
76117855
69701377
46253692
472088
441355
276363892
276224779
275726459
275715318
275671910
275217388
274857282
274829080
274547965
274532108
274532087
274079193
273707824
273596507
273202418
273021829
270714224
250078258
230052834
212326143
207722980
206204984
192886756
192649236
186069383
172422221
168293385
156227407
136595119
134946837
134282660
50494947
45370388
5743645
548576
536351
506865
455443
440498
407784
276039256
275898798
275300044
274994097
274421751
273278891
273043887
271510566
270766770
269946735
261968972
252024878
242076190
242076186
215917076
208271122
202961385
200673129
180399943
177145344
174309458
171751924
162140234
140221859
127033511
113527666