276137388
276137381
274677604
274676275
274142828
274141909
274133601
272443727
263179655
262893778
262704811
202962012
198102759
197652386
193101752
192951221
191779401
179685869
160654466
160654414
132191831
132191810
107001904
106350120
105665000
82388657
73385238
58710227
50238994
48755890
26595208
26594269
23437562
14948158
2361155
2207653
587818
587061
574277
490283
274677574
274674621
274142826
274125788
274124371
273307647
273307639
272443435
271046175
263097797
263097648
263097534
258639444
210514137
202961809
198094904
197652436
176535306
165943203
160654429
132195294
132191849
132191846
131245617
107004542
107001833
106350081
102133168
87045053
86424382
55287250
49378881
45164138
31895743
31516377
31253534
2208775
2208737
2184147
521624
274677365
274676705
274142820
274122350
273313527
273019466
272466331
271301550
263100147
262851245
259484202
253420639
213589356
197652444
196181073
160654441
160654400
160604131
160402383
139975778
139975756
131245645
131245641
131245628
115933162
106996568
82387057
74536583
58710758
58710642
55286873
52112633
26170023
22986711
2184135
2182065
2175493
2057175
1384829
489780
277406605
274676616
274142818
274142344
274135271
274133633
274125766
274122689
274121123
274120190
274118267
274118249
272466098
272438744
271444130
271350403
271294810
262851179
262803586
262758378
262068366
261996336
261995918
260805031
209389478
197530448
173903531
160654380
160402385
139975759
132191824
131245619
81939340
77221912
53806136
49379213
26595125
2499549
2377761
2096853
277596910
274678089
274676823
274676302
274676273
274676204
274674129
274142732
274142584
274133741
274122393
273307653
263098551
263097467
263097463
263085391
263085296
261798881
258673187
210514032
198285380
198285284
197530444
197530331
171592165
115964905
105664924
105664721
58710822
55285636
50361759
49378863
35856209
26595119
25201990
2184419
26595143
26595127
26594275
10685449
2208995
2184795
2184293
2181787
277591129
274677614
274677579
274675054
274675028
274120221
272465908
272448557
272438644
271364844
263100180
263099052
263099014
263098987
263098950
263098502
263097540
262748216
262748178
262747781
262305612
260803563
258635469
202961992
197388062
192989085
192951321
192951295
170870822
160604194
160604165
160402413
160402345
142363236
125506921
107001860
106997316
106996565
105664954
55288602
274677910
274677020
274675872
274674710
274673648
274673440
274142840
274133585
274133579
274121184
273310929
273308099
273307505
271301813
271301667
271301639
271294705
262790153
260795215
260795189
254089815
225265926
160654456
160402377
160402317
132195296
132191871
130781329
107001824
99408435
74036129
70805284
49379254
49378853
31648302
26595122
26143276
22987181
22986733
3818627
274677313
274677262
274676915
274675784
274674615
274673633
273307495
273305760
271301481
270140771
263099054
198285623
197652352
197530446
197388064
196058178
196058168
195994044
132191873
132191859
122521951
122273731
106997747
105665002
87045328
58711024
58710740
55289607
55288114
49378963
49378946
49378772
2361425
2184651
324919
277580697
274676144
273308568
270052915
263098999
263097852
263097517
260805552
260803750
210514099
210514074
198562372
197530489
197530467
197388135
197388060
196220918
192951205
192173766
191780539
160654353
160604149
160402371
160402369
160402357
139975772
122273672
107004463
106997553
55288971
35446971
26594300
22987465
2377741
2377729
2377709
2361431
2361109
2361081
2208997
274676937
274675413
274675245
263209682
263208580
202961881
198285591
77702512