276319982
276035797
276035796
275942094
275466949
275466915
275466913
275173755
275156087
274991813
274920898
273623132
273218066
269844841
262779093
252003977
247239764
192950006
185715617
184829842
184492435
177838260
172422169
161541514
138396017
138396012
138110985
124639646
54433520
54433518
45438055
44911506
28285288
28284051
9949538
4439901
4439893
2289999
1475801
566026
276319984
274801002
274149756
273385653
271235208
270445112
267342743
262383711
249875160
197334796
196553398
194098860
192518902
185357272
184240665
165723215
146272103
146224667
116145173
91294443
52289805
48980806
48592484
48557709
44911496
36053240
35957459
28285988
11368901
10367876
7203969
4732439
4719965
3976853
2438617
2290001
1475793
568807
566107
565988
276493866
276493861
276148377
276035495
275591935
274149821
274033190
273631453
273467622
273385220
273166885
270123995
263612030
263206796
249290213
247939539
217900614
216288799
210163981
196857726
196058074
192950028
184242587
184241884
172422223
172422157
165943195
153409172
133962358
76469373
25747643
25747641
24788880
11510235
5369055
4995519
1524347
578089
525140
507091
206480527
205802223
196561768
196219883
193976674
192951117
192950123
192949007
190502257
185715409
184243430
183731921
171585329
155592489
140416335
111470166
91729214
87632167
73865896
11368913
10639982
3976845
275942258
275942252
275942246
275466988
273600935
273579850
273385257
271585513
270707654
263103087
260791945
254087426
254087359
252062263
247939571
213681847
212484427
210145112
205807482
197529717
196877544
196562146
196522028
196058072
192950258
192950018
192949980
186701378
185339440
184240310
183727819
181370190
176932704
166389913
166154191
77753692
11510239
5743635
3976841
694901
275942264
275466984
273634129
273579846
273385252
273385247
271578997
271421700
260797711
252871570
252765316
246265084
225244428
198731735
197529633
197014042
196887486
196560163
196554395
196343042
195192047
192951115
192951072
192950012
192949334
184801165
181137056
180851017
173911235
171464550
166391635
146271578
146224729
74860234
48872758
10639986
10639980
5743633
3976843
3976839
276807875
276493862
276319986
275942254
275942250
275903556
274946284
274790902
273398981
273385256
271579017
271578971
270755841
251924846
247933391
247566071
246251816
216288887
247566104
222723738
213681873
207749393
205697354
201088109
195664819
194770150
192950014
192949978
190502292
182745379
182133832
180851008
180851002
180850998
156193492
155113743
140424502
140423444
102132721
89415740
87632119
52286320
50417041
3665137
276745087
276681008
276493865
276451306
275903509
274064811
273259329
270445108
262383596
253690901
252871496
249592122
242285761
213681877
210252739
207317619
205697346
202242327
197530065
196378026
196342322
195188861
192949108
186272373
184489126
184235107
181904573
180851007
175105076
172422129
156193896
155785908
146272070
61556081
25980460
11368911
7435623
7435617
1537545
527322
275591943
275591930
271578979
263102392
260795178
252871541
247566110
246266715
246246081
201088115
192951074
172422113
134006685
94904252
1525331