276411975
276285910
275698015
275697996
273331463
273331433
273279992
272442432
271119809
217181428
217180854
213887352
187837600
185006740
185006730
154184498
153260737
123442216
113106511
98132849
87504712
79191960
76826033
73402763
73402731
73402690
73402492
73402220
73402144
73402118
44957433
39776470
39773162
32431370
29358917
547022
466181
466179
465264
175577
276286223
276246719
275694367
275677151
275676727
274105280
274004512
274004508
273344075
273331627
262659812
262654658
260920833
217181032
217180613
145431623
121172807
121172171
102133344
101410796
96587610
96574514
88798531
82008383
82008129
80960699
73402769
73402704
73402686
73402635
73402507
73402267
73402261
73402227
73402093
44600644
34768429
25005981
25002996
507878
276238043
275407028
273683690
263680508
262654656
260920319
217720246
217181398
217181070
217180984
217180617
217180371
213887362
199124957
187836939
173450137
145429653
145420065
122522161
120553392
98132091
96831179
96586804
96584539
96579685
96574475
96553661
96553648
96551844
91089991
82003890
78554630
73402707
73402579
73402024
44600816
37795435
36730001
32431354
32224894
275518991
263105116
217181648
217181568
217181205
163148304
152457920
146036432
110205524
98565660
98132851
98132847
88797485
82003974
73402138
48010827
33457175
32431356
32431352
25207703
23622115