276956082
276955715
276955664
276630062
276624743
276624725
275180372
274847589
274846770
273983468
273881681
273550399
273406131
272185484
271356286
270107075
248113478
229803831
184226422
173185536
173070924
56696848
51033767
42686980
41068354
41068352
41067266
41066053
39307792
39307375
37977092
33360938
20703811
14983744
3318059
3233287
2812299
1478897
631713
584201
276957065
276956434
276956430
276956411
276956292
276956227
276956116
276956088
276956065
276956056
276956004
276955976
276955972
276955968
276955928
276955851
276955790
276955634
276955606
276955578
276955550
276954204
276954136
276954120
276954110
276954075
276954033
276954010
276630165
276624522
276624483
275284440
275180353
275180351
273245108
169404283
127032836
32219329
26517375
1256495
276957149
276956488
276956482
276956436
276956422
276956350
276956343
276956294
276956282
276956270
276956266
276956216
276956200
276956059
276956039
276956028
276955952
276955892
276955869
276955862
276955838
276955814
276955807
276955804
276955725
276955647
276955641
276955613
276955612
276954375
276954366
276954336
276954250
276954172
276954156
276954140
276954114
276954089
276954082
253057426
276957081
276956490
276956476
276956464
276956437
276956372
276956248
276956208
276956194
276956190
276956188
276956182
276956176
276956174
276956095
276956087
276956070
276956067
276956058
276956054
276955996
276955948
276955855
276955830
276955754
276955650
276955626
276955554
276954316
276954278
276954207
276954191
276954126
276954011
276954006
270789792
195651512
56697259
48978972
14025773
276957118
276957085
276957079
276956505
276956503
276956477
276956460
276956428
276956382
276956327
276956298
276956286
276956138
276956134
276956106
276956092
276956050
276956044
276956042
276955986
276955939
276955924
276955918
276955901
276955792
276955707
276955684
276955680
276955592
276954388
276954362
276954324
276954268
276954193
276954106
276954064
276954054
276954034
276954027
276954002
276957126
276957098
276957053
276956474
276956439
276956359
276956313
276956308
276956264
276956258
276956250
276956143
276956110
276956083
276956064
276956051
276956011
276955988
276955973
276955942
276955880
276955872
276955860
276955797
276955780
276955728
276955722
276955718
276955710
276955696
276955686
276955596
276955572
276955570
276954400
276954372
276954296
276954266
276954258
276956026
276955998
276955983
276955982
276955962
276955926
276955919
276955822
276955759
276955752
276955699
276955654
276955638
276955627
276955566
276954408
276954404
276954384
276954330
276954328
276954322
276954305
276954161
276953997
262581882
277430068
276957151
276957087
276957071
276956787
276956714
276956538
276956468
276956455
276956446
276956443
276956401
276956363
276956287
276956196
276956136
276956128
276956073
276956017
276955944
276955885
276955874
276955858
276955827
276955750
276955742
276955700
276955673
276954311
276954252
276954180
276954123
276954047
276954003
271916246
270774787
270772250
270770611
195301355
127032669
276957067
276956501
276956465
276956462
276956396
276956394
276956374
276956357
276956273
276956230
276956210
276956177
276956142
276956126
276956117
276956080
276956047
276956029
276956014
276956008
276955931
276955904
276955877
276955826
276955801
276955796
276955776
276955678
276955630
276955601
276955576
276955567
276955552
276954406
276954402
276954334
276954264
276954080
276954072
276954000
276957077
276956545
276956499
276956480
276956400
276956365
276956333
276956302
276956284
276956278
276956033
276955959
276955956
276955934
276955898
276956345
276956280
276956267
276956234
276956184
276956172
276956111
276956036
276956032
276956009
276955876
276955841
276955832
276955819
276955772
276955736
276955734
276955600
276954410
276954346
276954338
276954326
276954286
276954273
276954270
276954176
276954157
276954148
276954132
276954112
276954096
276954043
276954019
276957116
276957075
276956471
276956353
276956347
276956341
276956339
276956310
276956246
276956114
276956078
276956061
276955999
276955963
276955946
276955914
276955848
276955840
276955824
276955782
276955774
276955720
276955714
276955657
276955646
276955560
276954386
276954347
276954341
276954294
276954150
276954143
276954128
276954116
276954102
276954099
276954051
276954041
276954040
127591483
276956996
276956775
276956452
276956426
276956398
276956384
276956326
276956104
276956024
276956016
276955978
276955966
276955958
276955920
276955911
276955905
276955854
276955704
276955694
276955672
276955666
276955640
276955623
276955573
276954394
276954390
276954368
276954344
276954320
276954276
276954173
276954146
276954138
276954013
276630097
275994664
275323252
200727340
72606223
41071096
276957132
276957100
276957063
276956597
276956507
276956417
276956373