276267577
271380801
270988763
270758403
270756512
270657420
270512293
270494910
269987529
269986104
263771034
263439875
253389800
249177379
230961325
222687891
192951572
186567885
160269299
157255019
153844662
152946603
152846572
152463580
141158226
141014222
120229856
119259948
97921214
87149160
87057217
83021146
59397531
54819404
37152950
37152820
25006506
20856936
11387789
68331
276237837
273587971
273179756
271419465
271413197
271380648
271337536
270759790
270663010
270662852
270657073
270512754
270511887
270511845
270483982
270483899
270461611
270460618
270457618
270447350
260920617
260920471
260920309
215101550
207316703
206145539
206145529
184767544
183702848
169380310
160671856
151950790
74451968
54977313
54977311
54977309
52523838
31518589
25005051
3579733
271412238
271337102
270759077
270511978
270494775
262675008
124041307
99045669
97816372
25005909
68136