276777184
276166342
254093329
247938418
200938532
199706090
181379116
173674070
89762089
89760774
74866089
74247029
74247023
73854880
60910620
59395403
58936120
57350382
57350380
13325845
12293500
12292719
12107394
11861583
11861117
3840809
1580403
753363
715617
715615
715595
715592
715526
506087
437744
437742
437454
370447
362417
344273
276091738
248915718
247935771
177117487
173137628
173093696
162100208
118582625
108003923
95039279
94901349
76526985
75697501
73219900
73219815
73219577
59478509
58134518
43751718
29354246
16564276
13325689
11861551
3840807
871396
753333
715614
715570
715548
437737
437722
437717
437715
437701
415828
407581
403720
403715
365829
340624
273666245
273666239
273666230
273656713
270700222
255414130
208310606
204302038
144747984
118582475
113459495
106362273
106362100
100383095
95501038
73717908
73219868
59478507
57350378
44812546
44812544
13325578
11338098
10202453
715572
715543
509990
478780
455315
443253
437993
437990
437782
437699
437698
437691
437582
437507
437462
346205
273714784
273637773
273637176
273636970
273636940
273636756
270254141
263484072
229805200
229804991
214584853
181809040
180957569
173137659
144743318
76588967
72290119
11861512
11339527
10202455
9949540
1641127
715601
715553
544736
512245
509986
509976
506016
505919
503784
503770
472188
448840
437697
437683
407555
344377
343439
273667223
273453752
272918160
270254707
263335303
263104087
262891997
262664349
249607401
247935589
247750929
229805146
208642252
185991841
180957486
180863860
106445320
97810184
75514561
73219635
10202459
10202457
9949542
1754729
871694
715605
715559
715540
560629
481206
441727
437747
437509
437506
437361
370465
353900
345902
343539
342783
274028778
273691740
273658843
273295692
270254860
262892006
255349686
253469658
247410219
230367272
229805000
229804994
216387984
210164122
209867808
209293872
208917049
208915587
208218905
206331408
205808057
204302036
192951080
180957591
171581039
144740885
113459399
108009142
24165260
15897947
11339529
7843280
715584
715562
437988
437700
437695
415835
403767
352620
273708721
273691734
273689164
273454631
273454400
273218406
270254596
249496637
247933420
247441871
230367277
229805186
216388062
216388033
209430422
208915897
181927400
170064558
167615127
163739113
108009974
107987419
68421932
59552500
13858077
11861532
10708303
355316
341541
277596883
273666235
273461680
273283078
270254346
263486069
262062092
262062084
254093597
253469654
253469642
247938398
247934467
247411373
247409371
247409323
247409239
247199656
246772899
229804996
229804981
208648768
204068775
186369388
141757458
118522485
109776191
92551676
68428573
56184150
16564385
370457
370456
346647