277499663
276883579
276076848
275905148
275243138
274363543
273114488
272449818
271380890
271379451
270546273
263070154
253129523
229714486
220665663
214186194
205581885
196411152
190238356
189940673
189643105
187827003
179063564
170708233
170708219
157255752
139303869
107802183
101782486
91947689
85923342
77982982
57815506
55319105
49002009
42230121
32490132
13419678
10005245
2619499
277585864
277312609
277138904
276976913
276919300
276912279
276912267
276641008
276477770
276077530
275316345
275178313
274844704
274120615
273844978
273397161
272608921
271518926
271278938
215123440
208560326
199216988
195801321
186265449
177637709
146225297
130233544
113530805
112110014
107802188
80628929
76776245
73207098
66619715
50322710
40933971
30757177
10095276
7718737
3859125
276756758
276653748
275868849
275585434
275354841
274845339
274170471
273921648
273346856
273135675
270660514
270504803
270114030
216124178
206837303
206678865
206675362
204875014
196411147
195801687
179546078
168662558
138107485
106863963
106362865
97561436
82936273
77774625
72459686
71345381
69978860
68059466
52749673
52597663
52584834
50723822
45663008
44433397
1954475
381234
252098916
228989363
217696325
214599046
204317918
191782162
186256449
170706996
152870874
145289356
124767703
116406726
101897983
100931418
84970841
74460137
73521489
49722650
44911510
42240722
13852926
11508322
10767515
8155348
8121633
555504
277408901
277408894
277342714
277184467
276976868
276672396
276165164
275792722
275224245
274940704
274918064
274634497
274550686
274368805
274138527
273454626
272888010
271218076
271199015
265478085
262797660
248798962
207754094
205973484
204317917
198208145
186876107
176752838
175798778
170352966
143217512
121635152
77900454
73878873
73553846
54002545
53250815
41299108
10397241
10379317
276860822
276679043
276504909
276430699
274545766
273607574
271433576
270835318
263514073
216204611
207752597
200764122
187824619
179546074
178483666
176824194
173882437
173763066
170490710
160081250
124767704
121410060
92551369
90622579
88592202
84950232
82041440
74793291
72165331
53301432
49249526
31205932
26114399
15499818
13833466
8835539
8011021
3641267
1639671
951573
277375254
277275526
277135761
277006409
276938718
276923143
276467442
276379546
276329472
276286331
275793145
274368811
273916353
272000436
247328675
217320676
217320670
194343068
194205620
185909477
177747013
173882432
151950474
53301006
50240864
48372581
45327515
45321630
29190890
10638278
10281626
1732951
1629489
361674
277357548
277339275
277228101
277135748
276912263
276840855
276688219
276396469
276330990
276289479
276051707
275218105
275180356
274924908
273690134
273169911
271391581
270854003
270100228
262871303
262793782
207754453
206845722
206266518
197821168
195545266
195291928
194819071
170298038
161863363
160309632
146271773
105483727
71062572
57767468
48659055
48035287
19349136
9732061
5458331
277526014
277396067
277345349
276706957
276594731
276493518
276451364
275716186
275624199
273691902
273461308
262782358
248541389
244168841
225236888
214186188
212213039
202895290
199969171
199547421
194102291
179546070
173763072
173515993
165030731
145300494
129766803
121372698
104741661
100383100
89291843
56377195
54616131
35720772
30156560
10752430
10295361
7916685
4118051
543197
277347271
277345337
277316383
277038210
277004553
276624971
276451700
276401016
275827710
275567524
274599265
274557498
274360189
273911636
273219043
272496254
271726666
270854018
270442382
262862569
179546082
177780110
165030806
161930883
146271826
115078652
92551741
77717434
56692532
54512870
44044693
14683295
14455524
3640421
595812
539355
277570047
277395406
277314071
277041576
276233708
275406595
275354835
274005589
273990900
273620923
273598011
273454623
272080376
270699871
270660423
270183092
262797877
230323598
196831940
192950916
191506179
191413501
187933654
173865570
138143167
106754127
74244984
55077325
53974339
49204111
44335819
30886023
17881046
16564402
14447036
11336125
8965213
5904643
2380007
364051
277466757
277312607
276294792
276247870
275254032
274772011
274364986
273822779
273610832
273406311
273191080
263682936
263678593
263596317
261151722
212314782
212314036
208198129
207427392
207281792
197344447
196411145
192048659
189643106
180230965
117802236
115254294
102140296
76065328
68399433
58969015
39523655
27605626
12416731
11499479
10577301
10405776
1817629
734872
364054
277464031
276398947
276076880
275987338
275933206
275525082
274820494
274579116
274548402
274364967
274048402
273976342
272432282
272367379
271366878
271087667
253313741
249156705
241748791
229707049
216001230
215725820
214755808
203095255
206837191
206479088
200877611
196154175
195545274
195512745
186591101
186265466
185654059
173946221
147341594
111070969
105231346
100382944
82936751
74174358
72291018
70642653
67491392
41299102
41092760
38223395
31993283
14692672
8149335
1928361
1008787
277312589
276809965
276681143
276583972
276509010
275903864
274719765
274368803
274069400
274060923
273921678
273552481
273085521
272425304
272252318
271516876
271193242
252357177
247797305
212213989
207395736
200673242
189761264
186434701
180230992
143185990
112333133
106362509
106362503
81884465
76601024
72540051
58444774
53870538
40933993
25001232
15180358
1387539
543363
411321
277375698
277355744
276796694
276653737
276590635
276376055
276330876
275910948
275406602
275231047
274826374
274757280
274375982
273219881
273135672
272999387
263800091
263201152
253264244
249856793
229968258
221223624
205694862
196280095
189641242
187779962
184895713
177187741
172067123
161245918
141243619
104269229
93251950
73609399
54411783
51731200
43176199
35129300
10116849
5412665
276963570
276458303
275414743
275332351
275316336
275087191
274949829
274449750
274376751
272557052
272111564
270116429
269889356
199547431
198707247
197745731
195668239
190469729
184101367
178305683
173093753
169379499
160814508
155619129
150553700
137454926
112333130
97550318
73201208
73201160
54893195
36399666
21567670
21170977
10009004
7611883
4366991
759024
371263
277546616
277500664
276329267
275822310
275601023
275303740
273953492
273896827
273737635
273612273
273529965
273127175
263041091
262897839
262654789
262600570
262346452
253113516
252960903
244168742
205576399
195288847
182851135
179159373
178096590
173879112
172067121
137375431
110883356
77719038
75454158
74811078
57911670
53834484
31991941
29812162
22083529
7940102
551543
524438
277541366
277511498
276625089
276284796
275716172
275399124
274363779
274330383
274164652
273953495
273916361
273897561
273641965
273585638
272597209
271531610
271435998
263559118
263510694
248591385
247336536
241667328
214818748
206675357
196142095
181379291
176263149
170118643
139973455
137976320
76048640
58695343
54624818
54622173
50378902
46749909
37699918
30886397
1067982
600386
276976864
276649996
276562448
275418628
275409331
275358542
275337800
274135737
273896677
273732354
273385286
272421621
271828247
271312189
197337657
188576647
183930334
181358371
178524059
155618879
150372987
138342170
137569868
115254368
108747331
100105844
89602072
48513049
22472008
13312178
11801225
11336581
9687409
5412667
3718841
2388507
1699251
277520688
277500287
277464028
277381292
276504677
276380964
275972055
275853506
274944419
274557864
273699723
273641990
272597269
271913926
271433634
271391582
271218673
271043284
262812699
262060919
253642355
217894322
210145959
208136299
205815553
195881360
192125795
188534650
181699602
166192600
163578546
141472420
139093769
48752755
14524625
14197789
1732771
575215
556940
515850
277135728
276912280
276384301
276331138
275859433
275200313
273717700
273634342
273314949
273220827
263514093
261972958
253284504
249347303
225224424
217536286
214515111
202224584
200946061
199544226
197212830
195962846
194103545
193450586
187933180
184886721
178502495
170490704
167685123
160814562
138504809
115323121
105985514
100947284
86417789
79239547
73631962
73521479
68774265
4216293
277413550
277396065
276960723
275706634
275354847
274997575
274551288
274368813
273923966
273678442
273385082
262875359
253642361
253402950
253357791
252156812
247680519
262797662
262745320
261972950
225911132
212482271
209398582
198858935
196001693
191410859
177598733
177312713
173135244
169640941
149269436
146490838
102140402
72745503
51518867
42177948
41263268
16158713
11232643
2069357
1572629
809630
763843
478008
420028
277483577
277320327
277312590
277312582
276860829
276026956
275716157
275611538
275033841
274368822
273691904
273649743
273634336
273411636
272449824
272111569
272053872
271828182
270854210
270113794
262654795
253468621
252138287
249573910
248936939
248650694
214823515
200765343
196142106
175798780
174267565
171625656
169546327
139097001
80960198
48579418
37411897
31375299
21053410
6634583
277514853
277457017
277312593
276528595
275624234
274926712
274595978
274587865
273911352
273670762
273114474
273081429
272943677
272113543
272036442
271518936
270660446
267340206
253631825
248619211
244168307
207427386
204473043
198197158
184247906
167149888
147988216
115630229
109982846
100384440
80932837
65786287
53300998
48210082
36031711
31219037
25123897
20555379
1060852
386642
277478090
277478084
277460627
276799206
276509016
276453144
276331140
276224177
275025705
274565546
274375949
273655436
91471505
74345162
69764533
51316778
49549978
48210076
42189706
35855831
20613850
10075763
3653511
2100771
681862
277396063
277355762
277139820
276938743
276860818
276471621
276108835
276091388
275853503
275279880
274745479
273953496
273702397
272111567
219134875
217696335
216090612
200765426
192364748
190701774
148749510
135420492
114578905
106749710
89593985
75440549
52284767
51291687
48212488
35199158
30754969
16223234
14764184
14683307
14260329
7760915
4438311
3957065
2626295
403652
277411872
276931448
276423991
276264005
275968734
275490485
275280044
274162977
274146066
273911132
273728952
273452349
271337309
270235376
267339628
262525581
208288782
208223438
198707246
195801684
194395621
192951131
190214568
183334676
182541449
174182702
172082644
140128866
106362640
106362213
77036504
57870426
57791776
50412492
38074234
32413721
23291779
11951795
7435649
7081201
277570089
277408893
277396066
277032056
276750601
276710810
276489572
276166905
276098886
273871916
273851821
273678467
273134336
271096618
263515801
250078060
247649403
214160514
203294912
195472148
191529451
186591221
167615214
162025710
153921328
105366577
69624548
199547419
195661681
171547538
170297937
162530673
113430219
113117287
106362271
77911223
66698777
54422942
41294602
37412196
32530071
14683309
10111367
2120667
531511
277520698
277416641
277274734
276963571
276799667
276558663
276497156
276475100
276231579
275853524
275074402
274363791
273553721
273135804
272460160
271660119
263369974
247887795
230009482
214497220
204878431
198932575
198473637
186165424
186080463
178032067
178000224
165098408
155619320
57707233
55119183
44074136
34749180
26272210
16756609
9415884
6512109
4898189
558078
543874
277463109
277383354
276368769
276120805
275574424
275406588
275128736
274548633
273498464
273231371
273114471
263485868
207749400
204419795
199012129
196422801
192948718
178240547
173093838
169697565
167613667
160836550
146274700
143144329
115873770
108695442
84595863
82700702
68585576
50475710
47438231
14462349
14378792
11232442
8022483
7561053
7435661
1019482
876122
574420
277456181
277138919
276848969
276111198
275678997
275072963
274735424
274608278
274168290
273721409
273238440
273219800
272877866
272477723
272310231
272031792
262060924
253393981
253237915
250086976
249089762
215438141