274961115
270054012
216205433
208170872
195722778
185990530
174240042
160270210
157426733
129712532
111176860
109958284
104884989
102520954
98079534
98077330
98070479
97816276
95090377
92503954
78021167
58992645
52266356
33452319
29357925
23638793
15128356
3657563
3657561
473751
473721
473717
473713
473712
473079
465853
465849
460587
459997
459976
274961471
274952799
271168150
270053888
217181916
217181858
217181824
196032765
190320619
172191114
171089349
135455603
107005204
102759942
102507539
98074203
98071030
98069360
96579226
82008582
55681813
55681788
53924760
48007193
48000877
39773155
37152773
33457378
26613934
2396151
755533
755532
755531
473724
473716
473709
460585
460579
460577
459973
273609213
273587977
270054034
270053576
263770960
263770956
263266526
263266467
262605479
260920812
217181628
217181141
217180835
217180609
199216267
196338386
193976733
192951666
173449814
171588104
160269810
154167452
122522120
109957638
108957456
103475455
103475371
98073363
87967151
82005443
55681808
49961607
16960177
6821159
2396143
755510
755509
473750
460582
454032
273609564
273314013
273314007
272200104
271168148
270135041
263678696
262674581
260920276
219216552
217181068
217180693
209120309
201126076
198642479
198587533
197337969
195284100
192951982
169381097
145673054
113792621
103475482
101872050
98132969
96551961
91411115
91090013
88046606
76469553
67870853
55553425
53467812
52382697
52266350
39776661
23403920
13944581
466071
276161098
270053598
263771019
263770958
263105025
262852783
260920851
260920593
260920441
198576914
175527217
173449690
171109274
169379735
122391978
119315056
102520951
77182383
37152476
35447440
23639981
23632519