275699680
275689234
274824140
272962534
272563973
271096319
271090556
252162505
251253406
216143340
207341092
187853143
186567916
185654379
170991940
160131450
145244342
144739505
144739318
114571922
110584757
97557822
96589349
95295610
73402644
57043613
50234923
50234784
48010910
41265482
32223227
25020354
24910236
24070329
23053194
19737740
2862637
2736335
1995059
585345
276671258
276005406
275500512
273627532
273274916
272563986
272563946
271947083
263989470
261825314
191678253
164223251
160152066
151803026
103816787
103808355
103804154
96588918
96586884
96584643
96580500
96574101
96556433
96545085
95295645
95295578
95295544
77767649
73402767
51120917
48011349
48010454
48008229
32224502
31517166
29383843
26619000
26613000
2736325
1711933
276675475
276243436
274948895
272640607
271498331
262674357
192714592
185654362
173450019
159955940
131280691
114571957
104842818
103813954
103806808
103665079
102608063
102601692
97599465
97480284
97462875
96589461
96589459
96589400
96580417
96574117
95295522
88962694
82939152
73669447
51121004
48012481
48010908
36318238
32722887
26613537
23482661
19615626
1995061
1995057
275688784
272563957
271498333
173449714
96580360
96580279
96556447
96552195
95295672
82939150
59285296
59278254
51121014
51120989
48002117
25981848
983179
607470
375931