277486783
276058293
275705478
275280478
274728420
274728418
274728416
274553876
273163120
272618699
272422879
271726963
271631013
263207777
214730890
207207921
189641502
175433178
173748417
170966847
125101095
119694726
97104414
92492870
76217977
75615273
75615221
73315754
72667834
71658956
58342212
57761622
49904794
38459619
27957156
11407083
10678954
10012192
888708
809815
276851279
276058554
275495630
275277282
274952107
274724307
272352716
271620680
252591404
242992972
242992968
242992964
216462280
214730914
213997324
212597863
186069843
178461665
174377494
172216294
166159558
162471869
144353565
136126085
134615920
129381398
129381392
129381385
105529448
96112628
95316777
63587074
55505747
49762658
41549142
38223393
27962195
21196994
19275990
4675497
277357492
276834902
276704926
274953658
274953650
274953648
274952011
274146034
273942017
273547558
272422139
272405919
271963610
271960488
271628458
186567753
162214413
149534843
140635227
137442945
116750188
95253751
71957923
71682258
58341960
55680751
50247848
39311495
19791716
19790488
19790428
15271651
10302239
8452941
6461887
3801233
2822867
2619501
1673617
860770
170981200
170969474
170965055
167011759
119692847
105099569
75752868
72668133
71958577
71958454
70202689
59618902
48658386
32802874
31815666
19273230
11616128
2619509
274871241
274558991
273565274
273163210
273163113
272234930
270858441
257759967
252166213
213997298
212261732
201774972
200833277
192090847
188229219
188229211
186237329
176522660
173885958
173672070
167549064
146270353
126596699
117315681
116904048
111186533
98128551
96927622
72769187
72027523
54609024
52262930
48602859
38459622
14790618
6084301
4371183
2299063
656999
442743
274953627
274953610
274120552
273832139
273785875
273585811
273585730
273246168
273163192
273163184
273103486
263208258
251885298
251872600
242992952
216206229
212260350
209333084
207295397
181904820
170968714
163825805
129381400
119108461
97321490
97095648
86975497
49234333
48476210
41125514
27873877
27639434
24602037
24404720
22051315
13797246
11616132
7822079
7775716
1592317
276798699
276058398
275266882
274953661
274952103
274952056
274952035
274952015
274869975
274820960
274560677
274120513
273548832
273547470
273163196
273163172
270860898
270700051
263694341
250074012
215560780
209125776
154126228
106063767
105531553
104370127
96927577
84593531
74851254
63587076
52263055
19790494
19790490
19790426
19773246
19276031
16260128
7493829
631760
275277316
274952089
274952068
274952033
274872233
274871056
274820767
274635038
274560871
274560158
274360314
274175438
274170953
273548876
273163180
273163140
273163071
263103245
251983676
212263118
177723298
175526805
163825913
150633304
144353422
116667845
77328639
75535715
73291858
63187290
55551509
55506436
49373158
38223387
19829573
16736555
14790769
11616130
10393475
1592327
277136290
277135721
276519411
274777093
274559339
274360243
273163134
272428789
272335910
271448656
270885653
270883706
270182132
263101466
251983658
248703451
193895826
187010981
176437598
170966264
160671682
138596580
116963313
109455095
97338911
75754701
63587134
56373623
54380447
51990676
45816679
44247305
16283593
15271653
11384277
7590993
7239259
1227735
657020
602445
277378938
277378875
277356654
276854535
276685882
276163736
274820908
274629059
273785226
273678162
272309729
263101596
250741857
249373259
248703440
242101756
199977157
187010992
186080445
184096112
183679563
183506403
173764551
90745977
87569233
75754749
75533757
71958159
49373210
49174360
21369326
21218327
16802677
16440529
6426695
2172777
970932
602440
274953670
274952087
274821046
274607998
274499086
273786092
273699729
273585643
273163104
271287495
252321996
249882710
242992932
213534436
208405342
199977017
171581041
115097457
110047797
102911233
91544577
87833990
75552003
72668181
71682378
71322896
47268536
36328350
34575284
26086773
21019135
19773270
14790761
11384282
6470223
2366457
2172729
1060882
860768
656995
276163612
274614355
274289922
274195505
274120629
273785614
273548536
273163198
273163127
273163105
272310070
271959219
271100270
270694218
257761565
213676503
187011366
179122075
178311243
177665620
175192338
111177029
106863836
85306496
85296325
75754417
75629511
71353267
52262989
51990657
34571193
19790444
14307803
11384279
5464635
2822859
2172771
1060870
860774
787571
275274712
274821105
274561130
274559255
273163089
270700167
263207761
263104964
263103836
252402833
250743428
249945359
214730902
200627853
185024342
182149660
175533085
174182666
174182588
171581141
170981727
167507851
164429918
147866759
146270327
19790500
16279450
15445211
7493813
5495327
1673527
888746
276521480
275266646
274953651
274953632
274953629
274953625
274952081
274952054
274842753
274560944
274289319
273774147
273645245
273584932
273163182
273163176
273163075
270886445
270700117
270700053
270453647
270113025
242101787
229978159
215136588
180399977
173911153
144274598
126481911
98748548
75616400
73753543
47027964
25922161
19276003
19275988
15358790
14563844
7493833
3802049
276119586
275266804
274953686
274953668
274825381
274821004
274560644
274289768
274054412
273504615
272359265
272321146
270820573
270453727
263207799
263105124
262830571
213997312
213997292
199171716
195505309
187011105
176057579
174291908
170969179
169194124
164429732
164287214
146272410
119529310
116966231
87570974
73752636
56373444
52233140
41233861
36517387
14790763
6621267
656998
277341793
275863360
274566284
274561069
274499401
274499064
274120590
273775850
273773047
273163065
263703000
263207755
262792178
251983688
249373265
247405806
215136574
213997310
208783844
180104025
174933112
160671680
153409150
146273570
111183794
106457317
98128658
97876756
90745770
77328635
73753322
48603028
39323732
201385887
200985096
190180960
188544604
187011437
187011027
170970890
167507229
163824717
106006576
97440832
90742699
86585932
76015661
72770417
59469898
47273257
35750690
33543727
16919212
16759817
15444660
7493849
277451898
276058304
275264624
274635467
274569425
274120519
273699747
273183902
270860423
263412982
263264684
263105128
263104091
263103861
263101494
252714306
252050692
252049522
251734679
248880578
213997337
213997316
207811652
205802120
187608671
187011414
187011075
187010923
178333771
173763082
173763077
171580684
160671781
157824608
155929674
146271505
98128759
75553503
44858405
35750573
277566262
275277631
274931488
274871105
274820685
274360292
273899652
273163174
273163165
273163164
273163144
273163118
273163110
273163086
272292228
263795301
263209973
263207767
250078168
249373267
187011399
174182668
132302784
124893106
116653751
76378728
75754653
74851204
74795977
73257338
38223384
19791710
19790476
19790430
19276034
19276026
14790775
10869020
10869018
2822865
277412544
277412535
277396544
277171709
277136342
275842733
275226829
274953677
274953634
274953602
274952050
274952023
274871204
274871133
274870177
274777068
274641676
274820843
274820837
274569518
274569512
274120694
270859314
263104940
263103153
263101490
252714298
252050204
252050173
251897511
251885300
251733655
250742317
188033183
187011459
187011394
187010916
186080449
186080338
180104015
174558270
173911182
171580704
146271488
146270331
106859658
106443481
98879650
58709902
49707570
32546418
32293062
22169372
277582142
275274773
275266904
274952113
274952101
273165187
273163154
270860226
270857358
270704699
263209002
250741874
197337492
182149677
182149658
180104017
180104010
179063966
173911184
155880579
108893443
105663906
77203980
75753004
74770479
72027525
50356121
49904672
48658387
47269261
38453333
38223389
38223377
32894850
30752550
26090719
19276020
6875551
3159399
3136197
277396418
277388102
277136223
277015526
275912950
275283953
275266767
274953606
274952093
274952062
274952027
274871068
274870772
274870764
274863021
274559968
274559487
274559283
274559209
274558955
274558931
273240693
271448635
271448565
270886474
252099643
252099581
249945212
249090190
248009479
248009428
247905449
190826837
177264165
173911142
169818108
169817972
70844537
51338290
34752061
274777095
274120638
274120515
274019049
173911145
155880587
151830628
146273615
114944787
114601872
109368923
106445305
73147334
71658109
52281709
39729092
276357240
275308160
275274667
273163200
273163194
273163156
273163151
273163136
273163112
272405463
272359303
272310064
271289025
263981261
262526540
251872571
250072588
248880580
176509081
112169735
108912354
74852265
73257327
58709933
58709913
57730928
49185904
39821825
38452270
38223379
38166598
19790434
19276024
14307799
11521888
10869016
3136201
831413
631678
414090
277469200
277414012
277400390
277396618
277015417
276840350
276006904
275277661
274953622
274953614
274953597
274952085
274806163
274559895
274559709
274559415
274558728
273163202
271448539
271132609
270886480
270805617
270805476
270804778
270464424
252099583
252099181
252099146
252099034
252099028
252099010
251918452
248009423
247905443
186070349
182300843
180846722
166643806
138574081
71322535
277412568
277136095
277015350
276843186
275332099
275277668
275264723
275139994
274608034
274602184
274559172
274036022
272234968
271448617
271448570
271331315
270885791
270860676
270858633
270821172
253300022
253300020
249945509
243245748
201385962
195192492
169818272
166135666
21465571
19790502
19790440
19276012
14790801
14790753
3159257
1673529
1024351
631752
533921
277400265
277388099
277136381
277136138
274953637
274953598
274952111
274952080
274952048
274871200
274871151
274871019
274777091
274559543
274559031
274559025
274559016
274559011
274036281
273832143
271448664
271448545
271448527
270855279
252099585
252099460
252099193
249823243
247904146
247815046
247815033
217123736
203844213
119026358
74853058
73753398
73753125
73753066
73102185
67241945
277135629
276843264
276163572
275269236
275226613
275045728
274559781
273283986
271448651
270885453
270856830
270804881
253300013
252321948
252099004
251908557
249878116
247904046
197906530
187011091
187011088
187010958
186070311
167497401
166156401
164430525
134020420
109579400
102917932
97077574
78501501
76119594
74984782
50090706
48813118
37266205
35573777
34750210
21536786
7493817
277416174
276685850
276058490
274941618
274120567
273719215
270861599
270857725
263208276
263207818
263207812
263104554
263103736
252714294
252050827
252050538
248880586
215136580
214730916
214730896
214730851
207811660
207811633
187011062
187010922
183539436
183538712
178831323
173911141
274559001
274361222
273506165
270820976
262836628
253300025
252099683
252099645
252099579
251885273
251736844
249660494
247905084
247904150
247815037
247059802
188941122
188189632
187608411
187011009
187010968
187010942
180536388
173945207
164057190
277582066
277417162
274820788
274170990
273409675
271448562
271335804
271294645
270883128
270877013
251998836
229978753
200985494
187011137
187011031
187010894
186080342
183539273
170967658
169818248
164430152
163825173
140622371
136143508
109329372
96625571
83503452
73498422
62014010
59547149
54609020
52263019
52144433
51334695
47273259
42889850
8656856
8602548
7493837
7493825
276058375
276016153
274820849
274120617
273712482
273353813
273163162
273163124
273163082
273163068
270700137
263209560
263103809
263101570
250742171
250741821
248880588
215136570
213997355
213997314
212260874
207811645
192949606
186070266
184096106
175526781
171581164
157824654
146274651
146274329
146274323
124893213
98128547
75616543
71682385
32159261
22169394
19773258
14790773
8306151
277400626
274953676
274953673
274953662
274953642
274952073
274543417
273163186
273163142
273163130
273163092
273163070
272359397
272359363
252400375