277526109
277499401
277482522
277228004
276756378
276657765
276614842
276387126
276330122
276093671
275625151
273557741
273498475
271495378
262733320
262526192
245787187
242425015
239266336
214186191
197344438
194206884
185889844
183687677
169577322
158762500
158762489
144203242
136941173
131879454
92552019
87726331
74460135
44607887
19948893
3608639
3608621
3608617
583680
357221
277603602
277503203
277501326
277499394
277418953
277400039
277381836
277136496
277026502
276657754
275157720
274145772
273685897
273461920
273419060
272186581
270835402
270328407
263071377
251092368
207354926
203201594
194042797
182113373
158762483
158762480
115667142
115254468
113117294
107707543
101818123
92551584
76755046
62359270
32613945
5907337
1028730
985240
859141
809801
277400037
277272221
277136443
276657758
276496333
276495799
276495553
276478800
276317931
275427668
274852556
274041252
273531884
273221317
272557196
272061717
272033075
271436880
215727757
205988593
203201344
202475541
198205245
196574852
195305748
194208585
193209816
188059224
127032495
88821629
75482723
69573026
67451595
11253636
11253626
2394395
1387541
985242
427748
392101
274733171
274604183
273686852
273683726
273547823
272864171
271981694
263560902
249373486
246853128
236092857
215778883
205832691
205406855
203722488
158745335
154234238
152177501
143916678
142791679
133041895
106349348
97859488
75602189
19701759
16989651
12127869
5907345
5907341
276958286
276640834
276542557
276406012
276307531
275050421
274539529
274096352
273683309
273645739
273641743
273537360
273474874
273168877
272030880
269984503
262834682
262525579
262030874
260932390
249038689
206118927
198517033
195862623
184489223
154876002
129138478
127692213
124155996
117315643
77221689
54804919
53261270
38534013
36701778
1028804
596242
568925
539780
435060
277395152
277233513
276330120
276271307
274662477
274543668
274167404
273680272
273656575
272430402
271967020
262704593
253467975
246772204
242100482
209386361
208200622
203852576
197227235
183240296
174854289
171060130
160796344
150601725
130295376
129138493
117202674
109910842
92010547
79760218
68593991
67460843
55508697
53013080
44607898
35594211
20640285
14303660
13290511
3082823
277004913
277004907
276659072
276567720
275921865
275804919
275112187
274853912
274775467
274665296
274458087
200616824
198520484
197964830
182729439
160796335
154029781
143144278
127031924
117918093
99505943
92551863
92440992
70535202
56697263
550428
548039
276762204
276495298
275882356
275716135
275338924
275276738
273899555
273871622
273718930
273678437
273609521
273499705
273379524
272443820
262056752
261800520
253467971
251418022
213573723
209607759
202231437
201090120
198583124
189172477
178776617
171861033
163131991
157073385
129138503
129138475
128711639
119698021
112083189
78945326
77674601
927195
922401
534323
397143
366848
277136552
276898206
276601170
276566784
276429969
276090075
275947906
275356754
274183474
273912599
273513370
273452478
272042022
270801337
262664325
262061960
260982404
259564594
259455675
225941053
215796754
215769328
215619383
215544816
207816907
195873385
185435630
182556225
158762477
124893142
114895992
113527106
95084125
94106242
92551758
91820785
76386453
48555371
20586797
15479041
277472304
277395176
277008071
275607515
275588864
275325296
274964884
274843631
274692738
274669801
274470222
273652302
273569334
273475350
273424486
273394584
270683375
270683217
248498129
243037640
217477581
215730330
208590267
205417734
177995001
177961816
177270308
172476183
124892991
120183334
92552102
74750110
25247357
277545287
277545097
277545095
277361675
277014370
276130377
276025676
275124860
275106863
274912966
274170675
274144317
273899615
273886037
273583016
273537041
273462472
273442347
273187226
272030178
253179837
252079955
249289250
247901167
202847466
201293623
197592844
195881666
193330177
181789243
178940940
142405200
114944965
77230896
48633212
42845140
36373594
402472
357948
352803
277305892
276463085
273911257
273711265
273707292
273646044
273581453
273456775
273411908
273218633
272362730
272165094
271499481
262891580
262891578
253497494
253497078
253179608
247921383
247269923
243085001
222659583
214050722
202604378
202604351
202343236
201055551
195306836
184767741
181910052
173394116
152557069
37216595
36702049
36702037
35593611
32225266
14382298
5202423
381742
277677832
277399576
277395186
276531291
275335641
275073478
274558686
274364230
274073038
273823462
273476641
273455075
273269341
273249871
273217514
263513224
263384842
262834559
261957837
253178274
250078314
247581313
216986314
213705487
200004509
178957579
177915481
177190771
171959619
144324105
131138721
273823486
273666777
273646014
273636283
273442360
273258236
271484348
271480789
270652515
270268037
253467980
252869354
247405878
247405876
242432578
229714476
214933019
214582325
209298896
205985198
205815633
201308096
195306944
176779007
162768978
149531839
117315726
52657740
43105978
36701484
35785344
31098697
20583910
5202489
277555675
277350820
277345868
277303317
275377932
274365376
273671936
273624525
273624024
273566185
273547702
273472286
273250057
272833105
270812513
270663412
262664317
262656146
262018153
217125706
216462296
214822285
214730223
204337962
203986425
189941329
188265576
178107509
165969050
148807554
148806954
140221919
132303211
120183410
118419978
116030821
77231421
77231257
77230761
54799335
277545204
277397486
277395174
277271846
277031080
275904329
275213657
274133577
274121125
274020165
273823516
273611381
273603946
273519303
273462139
273441756
273245024
273232178
272450161
272302413
272302219
270741365
262061964
262030882
253094693
207643123
206820806
200032738
198650654
194563096
194198040
191217705
190701722
183262709
176736314
172067278
119698725
92551959
77094475
31207442
277315250
276331942
275086896
274442126
273887894
273823664
273519296
273497972
273467418
273228035
273221467
272450316
272435661
270978755
270745735
270698006
270449787
260931827
248294056
247302574
221237889
197668912
193209808
177731576
132961262
131139998
119698136
119238419
118528276
114945449
114945107
114895590
77221518
66831643
7308953
357947
277400110
277387232
277272181
276928664
274289683
273897548
273823530
273823417
273445842
273220065
273218728
272059192
270297941
262061958
247796235
247405884
213970286
209902350
208739054
208643570
198256866
195305061
191764531
175810424
160796349
160591663
127032832
92551913
92010782
41098447
37468718
36701095
34822597
32351783
24163135
23288607
21334967
21010171
20847368
16998719
277501963
277400093
277400033
277349530
276496732
276357694
276106385
275763676
275214897
274909003
274762654
274663012
274056590
273714782
273680298
273638566
273624118
273519282
273445722
273294363
273101265
272285460
271356416
271084362
262834638
253291171
229714502
221023719
217125705
215769330
214930433
204300914
192172120
191419575
177989562
153325211
148807266
127033481
92551458
51087193
277532508
277532444
276890237
276663742
275717444
274853772
273708579
273652316
273568840
273504223
117315622
50874329
49722198
32850007
6086947
5199361
355507
277509596
277509520
277400108
277400102
276488998
274680937
274365378
274365124
273849776
273519298
273373661
273250094
273152413
271194076
263489531
263060435
253291163
247581315
243736290
241774845
229714481
215769332
213704706
207915039
205756298
191808224
184070577
183262900
182481458
177976214
177315692
177267201
176881244
176812475
176735183
147370297
115254369
98300927
77231685
77231522
277549854
277545206
277474636
276392449
275106159
275068822
274545102
274144323
274136254
273899631
273647686
273349935
272061318
271960047
271453338
271400655
271384370
270852859
270839939
262030880
260810128
259564587
253497839
242619910
229972450
216387862
212557729
208195037
205926754
194584127
187212976
184415808
171475034
127591582
119698264
119398335
119330596
73787198
20700617
6597879
277621085
277272205
275260495
275260463
274844335
274136240
273645835
273464438
273424606
272864184
272582599
253220844
249591046
242125514
207643927
206672640
202529403
200750316
198583782
175799572
118582566
92010772
77717878
55179326
53575233
49270263
37216446
36700835
35905734
32885678
20632309
441762