274975058
272413568
270845899
263064044
247814582
243118179
217173273
217173181
217172821
217172689
217172490
217172446
216353667
210134741
208678566
205814399
205814244
179728054
171089335
171063536
169380925
164436821
160268804
147761080
144411228
129780853
125785644
113829573
105614665
104907762
86424557
83020788
78555079
70202966
36711219
36575622
32223995
22095995
14655498
14160729
273601944
270053592
263208520
262674593
262674329
253389866
251590816
248648639
225911485
217173442
217173035
205814624
205814436
195875403
180610084
179721624
176522359
171063479
164436017
158623701
154182430
149744853
144028791
123442860
123442661
115932722
112171315
112171150
96589316
96587031
96573806
95090936
77328883
52112921
48010938
26113482
19295787
2003699
1891757
757635
276016483
274818694
272369453
272106704
270845840
263479844
262674970
262674649
262414772
253633111
253388731
242079411
217173404
217173335
217173059
217172723
217172710
217172672
217172575
217172547
205814379
173450039
171089342
158985766
158623781
158623707
147977520
147587440
117986017
104909150
96585336
96552177
96291219
83021007
79460126
51618275
36705079
23829771
17016081
1411427
274417433
273382989
273313394
273305915
273300829
273255245
272369468
270988839
270135055
263678992
263466604
261802584
253633206
253389765
247746276
217172927
217172780
217172363
194096656
187838182
185409955
183290750
182318334
161915358
160270237
157118238
147380628
119315353
117426636
112171323
96585723
82938958
73585291
67242460
48282661
24899135
23473529
23404394
20836968
20836651
1535579
1411369
895464
895458
410482
273243686
271847373
263208594
251590808
249089811
217173413
217172494
182318406
173450029
171063213
171063153
158804226
158623834
154182340
147384742
123442214
121172445
120472210
119699121
119026482
117375650
115695170
113431869
112171359
96587923
96583973
96574823
96573919
96556285
82938956
82008552
81577202
77965722
77328940
76010813
71683402
63678590
14160429
895476
757661
276286465
274949325
274757414
273959094
270135057
270053899
263456096
263413678
262675062
262674488
262674248
262038010
253633198
251590820
217173018
212314917
205814397
204056651
188671669
182318161
169380707
165964038
158623785
154181849
117375225
108961830
108938299
101265018
99045602
97455639
96587297
96586380
96557678
83750570
82938960
27820230
26613887
16297790
4679903
1411441
275400154
273376844
273376819
270454040
270053699
262674682
253633187
207255730
198539598
182318564
182318524
173450173
171089365
171063513
171063386
147587478
145411243
145411190
142812867
120472243
117029961
110205732
110205727
103868334
97921752
96574825
96574821
96554343
96553524
96547343
87636230
77328900
68985049
51991626
31518372
31517355
29387665
1891763
1535581
277509662
277495838
275418269
274356871
273963102
273393397
273300896
273289843
270053622
262037940
243121538
217181769
201796224
200819131
197897444
172631300
171063466
171063432
169380301
169379750
158630564
158623798
157824749
154182900
147587468
123442604
96587039
96575277
96574815
96557687
78554966
76680699
63678588
53770630
32223731
32223635
31519048
24199236
20836660
13944530
275400162
274417050
273300840
271542353
271100562
270135065
262674309
261802541
252411367
205814533
205814493
201794971
197530498
192952073
182318224
171089353
171063151
158623869
157824780
147597370
142831741
129766346
124041322
124041059
105231937
105212238
96934104
96588376
96585100
96571628
96558068
83750688
82389104
68305362
61556770
26343433
25005623
20836546
20836524
14159429
273376986
273300907
263456091
262605443
245766110
171063352
96586128
96578780
96558220