277502994
277486047
276900658
276849064
276598941
276558665
275527699
275377763
275306049
275044610
274163238
274031558
273921638
271516748
271073065
263790974
263440921
261814018
216091436
206673082
190707635
182301652
178078817
168358989
163578403
146270235
145092091
144524822
129666229
128955743
114925378
107798677
85560152
52393313
22446009
11123190
10603405
2777829
2158833
602283
277497159
277483587
276852723
276672374
276636795
276440934
275429866
275417262
274682564
274595732
274106539
274101301
273729044
272786652
272369278
270206284
270118300
252970207
251448056
204473013
204301985
201628638
192950083
169307916
163739592
158745365
138334018
125377275
114950134
93926256
75701897
66955380
63126433
58709021
55283015
51491718
49723342
9948856
4291931
653316
277327586
276451051
276285778
276140316
275588981
275220226
275064579
274502036
273600647
273457225
273374555
272454785
271315125
270975655
263626788
262477158
261813987
253665217
253632098
252630226
222676709
189540692
184466402
158745357
149531825
76128070
74542718
66067661
57913619
53772001
51348524
16175517
13817871
8325633
6568581
4291913
3772629
703218
690017
584999
272412158
271579003
271293134
269973188
261037167
252640178
222682787
220911227
198592839
195283664
193523736
190301035
189885475
188189357
168303298
162994063
127033082
116132656
114447405
111680874
111677363
110194651
102691371
67575919
58971163
58618062
57353834
50410081
49747009
655956
276412814
276387233
276273422
275189127
275032204
273891872
273641690
273175386
272048141
271315059
271088906
270975637
270747050
270253546
263696840
262053136
252641037
252635209
252079175
252038387
249766452
243319656
243051819
215730545
205802242
200792514
198933348
195746005
195283655
183544605
163282399
149534848
149531835
146274575
146226336
146225930
102757871
73491803
36710356
13624070
276120755
275900061
275466108
274040859
273927635
273868388
273673735
273236695
272301125
271819719
271515293
270253644
263367076
253467896
253465905
253230447
252137019
252125629
252011709
217577373
215217960
208271049
207934297
207034748
192950197
189193820
184042447
168659991
164195773
152705105
137485543
126676467
114459435
77665538
71090433
55362353
49748162
36102733
19920368
854499
276744307
276368763
276273829
275258106
275238605
275182680
275138638
274646672
274398787
274078071
275006258
274067066
274040893
273432125
272554888
270903300
270703165
270501901
270249920
263206794
260554506
252637138
243086147
208271051
208118188
202769950
199970463
196839445
192950749
177589638
170590442
169697343
144516100
136235818
87851837
72033041
68377035
2014117
277320311
277320285
276404911
276365555
275951126
275660028
275541253
274557431
274447442
274182363
274168903
274076164
273971780
273896989
273805120
273690323
272057365
271218834
262462996
252648201
252078461
248703287
247858446
244177632
243086163
213860868
208271047
206715191
206376227
206205018
183683316
176817316
170661906
164161388
111582636
107195036
101078287
101078280
26137301
2921301
276566279
276566229
275687702
275238449
274036913
273815194
273573253
273236693
271433732
270832149
270106701
263584530
252643838
252574889
252002960
249857458
249259186
242504798
217577377
212326821
207933137
207729681
205945393
204663432
203422539
199527176
196360890
194451567
188416025
161541360
160940821
158745349
97010175
94711130
53980357
34746165
11493525
3858097
2611963
2345565
276350704
276153185
276081655
275951128
275943392
275552582
275128256
274458406
274172733
274032605
273897205
273891528
271192009
270716963
270714220
270060199
263082596
262086757
257835559
252079483
249954166
249610802
242501479
221711313
214893477
214756334
192949612
163021220
158745333
141235125
129563314
128131968
74747564
74732021
59579776
58709638
58437174
35443300
13383498
1574811
1511431
277341927
276957544
276089802
276007584
275771270
275645415
275169604
274990053
274557943
274533405
274140941
273955193
273643374
273199863
272443832
272074197
261037691
260111295
252041127
247960906
215580015
214658061
213860875
203204620
192948684
188542232
186285978
185188367
176897631
155435773
137387593
137375166
135457404
129670158
118082192
68304989
22155307
19791346
12705534
2120579
277374933
277184393
276901262
276414687
276195600
275467715
275229437
274893547
273891483
273868399
273573152
272829991
272321341
272269602
271967406
270446654
270253567
263208206
263119065
262813036
257646230
252685060
252078369
249955215
249857258
227473870
216380594
210438281
209302122
205810826
137572713
137481817
114447393
109369141
107542980
68332481
6568585
1731771
1007996
734162
277215277
276900172
275941092
275128993
274990082
274526553
274163809
274031241
273652077
273174401
270298274
273238446
271057077
270452823
270446915
263207477
263105104
263097251
263082562
262525527
257855793
257835573
252011664
248762424
215378563
214935174
213860872
204416883
200628249
194183427
181998071
155448321
146275298
129708874
128825649
126743457
114459436
114447403
101096909
58618146
16176301
277294699
276734421
276581059
276272770
276127103
276046545
275814270
274454236
273891469
273868415
273461953
273461721
272918117
272554882
272321334
272165486
262904704
259389006
257869288
253044301
251445026
251257434
248703306
247718840
246397556
243045551
242077939
216368438
216213591
215539282
212324100
207008378
187827434
183541523
180864263
176779882
142783638
139288520
105739692
77665448
277277777
276496256
276440932
275607989
275092922
275068992
274383982
273664785
272815580
271290499
271247143
270709875
263992465
263106947
261985952
253114012
252641074
242075635
216226775
215579981
215378581
215189734
206335172
205280879
201106734
199727940
195746124
188415453
176021597
163739537
160542938
158482574
155390331
149781059
129666364
73887641
73656813
55283540
53980415
48983220
276413776
276090510
275777902
275231357
274668249
274598111
274548258
274460414
274364564
273868393
274113626
274078073
274063723
273505987
273166108
272554864
272351096
272227406
272156744
271291271
263495389
259479273
253040808
251768685
251550034
247239940
225298288
217577383
202763163
199171138
193524978
169376050
114447385
109861986
71957067
68190516
51553223
36710321
10917211
849985
276414739
274819286
189603883