277358995
275853528
275332769
275303225
274881869
272854044
270459799
253068988
249775039
247785404
209603425
199706223
195801293
173410366
173084731
137481854
92901038
77928485
72304608
68984111
58802094
57037224
11747460
5413739
815210
777399
589419
568804
566659
566461
563142
550201
549775
535097
535046
534949
508066
506025
505917
505898
277345257
275966256
248188006
219157238
184101368
173383347
146271762
146270698
146270686
108190143
95250749
92492874
85065843
64700137
62284629
54455172
46332530
31514665
20448131
4751143
3140859
1753101
1733231
1686729
604338
566317
566268
566257
566221
566176
566152
550225
534925
534918
506062
506026
505838
505771
429487
403761
277502011
277471495
276965606
276675826
276271714
275498407
275191354
274355970
273678351
271367408
253071218
253057810
195107785
167631939
167613999
74630681
42659739
42659717
23227042
23226938
5953189
2805527
1409489
1408963
1344917
828641
766683
684826
605949
566262
566149
535117
534897
534772
521179
515463
512733
512256
506664
491674
566155
534937
534909
534896
534817
503787
437719
276687780
276675774
276621985
276616250
276482871
276158096
274892966
274123269
272076869
270490733
270116436
262455970
252968118
252000113
247936381
247935581
215637207
209295342
208917649
195255266
173422362
173420799
171058874
119698693
108190112
94906583
92494210
62461349
54455168
42659736
19749716
777443
680801
534969
534943
534940
534879
528299
505857
474770
276675785
276675747
276493891
276311343
275008986
274856108
254093445
253058517
217577412
196854447
196280103
190502204
173419099
171070332
140740488
95070171
91832878
66633161
25914358
23462314
23462312
22634353
12290193
7203973
1344915
777475
777405
704675
689360
597044
566479
544707
535147
535080
535055
535004
534911
534888
534856
344369
276963592
276550742
276522443
276291619
273434648
273384664
263063997
262904422
253070017
215637238
206205158
196548120
193758287
164454482
80944005
62289678
56086356
48754608
43986351
42659744
23092079
22634339
11110119
11106441
10639984
4363833
3906209
1826647
816744
777456
777426
777425
566346
277471816
277471743
277471697
277471687
277471597
277471584
277471575
277471563
277471497
277471474
277471435
277471415
276675795
276065492
275771484
274059024
262457325
260798021
248797063
247900204
247561468
235878771
215636771
195527623
190502222
138313219
64316640
47184484
36852921
32955113
32901475
6361625
350467
277505567
277471943
277471936
277471934
277471885
277471873
277471847
277471835
277471799
277471787
277471781
277471778
277471731
277471729
277471700
277471699
277471676
277471672
277471665
277471653
277471586
277471531
277471513
277471508
277471505
277471439
277471428
277471393
276488553
273886706
273452813
271585515
252871679
252768786
242175087
214921419
198868754
196389346
160691544
62285591
277472029
277471914
277471908
277471851
277471777
277471755
277471727
277471693
277471667
277471649
277471645
277471565
277471558
277471551
277471503
277471461
277471424
277471422
277471399
276968042
276482866
273454215
270922710
270715739
270708380
262821598
252871481
212484439
205707887
203945199
196049861
190502217
138190089
117720282
74632220
62287945
32955105
25494697
1392975
355551
277717671
277471977
277471951
277471932
277471905
277471833
277471818
277471749
277471725
277471704
277471703
277471534
277471487
275987161
275482254
273746587
273666307
273666295
273500116
270708457
262821590
260797620
215725912
214915778
196579396
195527687
185052741
556284
277471971
277471940
277471919
277471916
277471896
277471881
277471871
277471856
277471827
277471683
277471669
277471580
277471561
277471507
277471446
277471444
277471431
277471410
276744999
276636777
273980415
273479004
270925769
254092816
253258086
252871576
248498880
247816004
246867869
195528818
195527659
146273806
77627212
76696873
17614765
11368909
11368903
1651897
506707
505927
277471960
277471930
277471904
277471893
277471869
277471866
277471855
277471829
277471735
277471671
277471663
277471659
277471595
277471568
277471541
277471527
277471467
277471449
277471447
277471433
277471427
277471421
277452865
274114793
273724993
273666297
273452862
273304893
270177603
253412731
252962089
252871463
244331875
216288759
209905787
181453988
80944114
58859680
33343473
27874693
277471988
277471986
277471967
277471959
277471901
277471859
277471825
277471811
277471721
277471689
277471589
277471523
277471519
277471501
277471498
277471489
277471454
277471437
277471417
147976330
146274187
140743115
85065845
48983406
20917695
20447012
2939759
277614616
277471994
277471992
277471759
277471695
277471583
277471577
277471566
277471553
277471550
277471537
277471528
277471511
277471482
277471465
277471413
277471401
273452626
272185110
261942590
261942584
253057666
208559381
50319352
33360301
27864091
26296962
11368899
10639988