276462297
276327162
276246798
276061242
276016427
276016416
275663723
275663701
275622734
275617396
275610648
275083709
274872714
273344197
259645160
242724350
195875440
173450165
122829092
122522080
122483094
121649420
121228545
121228327
102759884
98185335
90619055
80990859
71684410
56556834
48602276
39360295
38495722
35452186
32431430
31518939
15972551
465282
465281
465279
277315274
277315268
277315266
276929643
276929621
276905537
276870777
276870775
276246822
276016450
275685122
275663695
275622745
275622732
275622700
275617344
272390531
270053678
263208204
262653888
260438880
248647750
247437149
192876436
152733439
152732160
151758092
147778086
142846525
139248447
121252703
87483479
76153298
73402342
48602278
41876819
32431498
32224262
32222975
31516820
277315270
276929653
276929637
276929631
276929623
276905552
276251971
276246457
275663721
275663719
275663717
275622706
275615476
275567044
274564449
262674605
193047427
168161449
135442341
121642172
121228571
121172700
119315351
91344591
90629104
55802860
48602006
32431360
31519444
31176334
25980732
24547326