277459263
277348578
277348574
277348566
277341932
277181282
276924189
276624153
276497149
276174687
276166903
276044001
275840661
275600552
275264357
275243560
275044457
275034852
274872973
274497956
274350376
274058559
273933643
273444850
273418785
273326845
271972237
271270186
203009568
200725324
198215131
191782142
179436998
179436993
136232535
123915914
104074530
73609405
73437403
13115224
277487295
277348564
277348559
277041353
277041317
276777250
276777199
276750603
276671763
276596415
276527704
276497180
276497168
276385585
276344684
275833015
275747253
275472148
275128414
275034846
275034842
274991455
274565544
271270212
271270144
263932594
259483238
258379587
247445326
209430616
208917361
208615607
174217946
163672359
156234327
153331724
48480449
16254062
1709221
1032206
277482062
277031561
276552212
276497159
276497150
276491682
276344674
276344671
276318059
275627841
275617738
275264321
275034827
274990152
274801233
274801224
274673859
274655675
274614627
273980423
273708838
273192572
270675224
263949687
258668369
257767752
255630273
255605695
242656344
209282091
191807988
181783084
164353467
158762493
125519656
39358379
36420070
32976044
860788
430599
276454873
276344676
275833003
275832971
275715872
275264315
275171939
275034864
274560860
274542828
274350400
274181552
274050606
273245145
272426205
271985927
271499449
271270174
257767590
255605495
252324043
240251955
179437002
179436985
177328289
177117491
170384655
167609833
160591598
160309624
106362101
62040434
59478513
3738977
340212
277038858
276664175
275890071
275840700
275838269
275833020
275597265
275342416
275264349
275034860
275034837
274559828
274514401
273726394
273710542
273708795
273401735
273388179
273246162
271162917
270180967
270129261
255612253
253665918
253313763
249693753
242992989
209904931
208917307
204117096
201629449
196338067
179436989
167614763
106362125
92010927
52523692
36529438
23390877
816758
277436889
277344951
277016786
276351181
276182037
275833065
275833052
275617546
275603872
275264332
275238717
275034856
274966638
274559929
274335658
274068712
273713446
273456924
270831854
270129187
262734982
258820485
254086209
253660494
248494035
242443714
225914387
217722401
209349474
208917687
203926642
191945216
188575861
174827327
167614857
158984639
153408249
76359126
23191032
11107852
277348561
277348544
276562649
276522651
275840689
274412629
274047139
273388184
262663919
262570242
257766863
255455636
248684542
215727667
209867978
209610615
208653271
197636722
196152937
190489572
174827255
167615312
167613879
160789111
118582505
115972918
109709483
92551861
6932231
767959
277031768
276594564
276556000
276488019
276456193
275840716
275838292
275838286
275833051
275832986
275597683
275525127
275276521
274955173
274651078
274618667
274568731
274398606
273713559
273713498
273604873
273259353
271662753
263581959
262780246
254095117
253058119
247337284
208739132
205894349
203215320
196574903
195478271
183262856
181904604
178458262
159484596
113526337
14809871
2108763
276594588
276594578
276590067
276493622
275840672
275551548
274990148
274959713
274822800
274760292
274707226
274460487
274455108
273927568
273925652
273636491
273542991
273293532
272449490
272243517
271628553
270707763
270478273
270131234
269951253
262878370
242778627
230368341
208682492
207867043
203200622
203084469
202862626
191808165
190791403
190608370
180293829
178483004
148910587
137941620
277401104
276594592
276594538
275840706
275840702
275838275
275833063
275833033
275833028
275832997
275599501
275598637
275505546
275051407
274881224
270122976
270116221
270111851
262656895
255430572
253070789
203294883
203084386
203084276
203003562
202794321
202609884
201089663
200727499
198414158
196021393
184591250
160591683
30041068
352639
275750391
275597886
274885766
274033013
273825088
273713447
270758248
270478781
270478344
262821168
262734057
257759850
252759275
252393076
248132725
247274027
242765654
239405944
229775540
219155470
214933010
209400865
202610603
201567920
201427830
200725387
194096528
193910675
191808242
184442620
177915486
174830003
170384639
167615282
167614217
160691604
160138320
154062492
66878014
66684579
277562786
276687947
276679629
275384224
275057622
274994494
274511971
274456101
274194285
274114851
274051235
273829556
273666763
273648614
273472373
271430950
271307743
270962641
270926064
270843750
270831733
270544982
270510357
270124879
263516225
263049792
255410051
254113622
253637749
253621695
248104268
230368339
212992419
207971002
203231699
202238992
167614221
160395446
128711591
68077592
277527060
277416056
277350111
277043271
277031709
276756767
276329265
276174537
276115039
275840712
275840685
275840664
275838280
275838264
275833013
275832987
275241137
274599303
274573044
274563592
276963787
276862847
275218344
275180498
274862986
274680694
274558766
274132509
273725018
273713542
273655780
273636832
273457207
273240910
272450409
272370565
270878620
262937601
262817351
262526496
262526486
252041143
249569728
249489561
248083793
213936097
203317453
202793033
202604330
191753627
190511432
182848895
180585197
170384636
111553266
101931754
66663656
34636468
954498
276808217
276006933
275603929
274877286
274540800
274369758
274089084
273921301
273717606
273686774
273684479
273587068
273305025
273272508
271400700
271062981
270479433
270131155
262842607
261823575
254093170
253665983
253632150
253150115
252565079
242620533
242423721
242075200
219161614
215725834
213676505
208201876
205696818
203155648
201476070
200727200
200726976
193012764
192588408
184333793
277543223
277416725
277389980
276317070
275833019
275180396
275177368
275093518
274727252
274614631
274467110
274404740
274352738
274316394
273928125
273151277
272114776
270145056
263558220
262525485
257759843
255630330
249679586
249007038
242101868
230012749
230012694
230012682
230001672
214831277
205751470
200780136
196853779
193910685
190863725
171899220
146223833
118526678
92551999
67045756
276594594
263863719
262836652
257759502
255630293
255605466
254093177
253070037
252867922
252770315
252671680
252398975
252393425
250757221
249679558
206205058
203275358
203231357
201892210
201842889
196021371
195552599
192459052
167615495
167615411
167614847
67045567
277522614
275598351
275358943
274819249
274558947
274313831
274020204
273892033
273714488
273707145
273464654
272874162
272112959
271401508
270963936
263695045
263560548
262821628
257759816
255630282
255430576
254093663
254086679
253700498
252671718
249569773
213935969
208408648
203210643
203110405
202782527
202606083
202153534
200720736
192288058
170384641
167615019
167613967
146593446
92551528
277425305
276493259
276418985
275840684
275093514
274670082
274559239
274355966
274328122
274183521
273980376
273655782
273464498
273454169
273315027
272731088
272526486
271417072
270785727
270511498
270476786
270135571
262570367
262570077
257763226
254086623
253412331
252784713
251404345
249198401
225266632
214831283
201477698
196373857
191808071
178574904
177515693
146223871
145540088
73515853
277038852
276594596
276594576
276594574
275840714
275840692
275833061
275833059
275833043
274680924
274024095
272408580
271981314
270838564
249644312
203232354
203084306
202604273
202526482
201829149
196338175
191808064
180592005
178736630
178736626
178031655
170384645
170384635
167614025
160138356
66729872
275091582
275072689
274892624
274669521
274474352
274446408
273712983
273504129
273475496
273296856
272619739
271413601
270479459
270478954
270478952
270478783
263034792
262813477
255368759
254093433
254086485
253713166
252641109
252635634
252629400
249852121
249644323
249085224
213936341
202239040
201089669
198732662
196154637
193910808
178031605
174827221
173761440
67048410
66667308
342257
277555383
275943153
275482334
274020251
273992456
273880943
273714569
273669105
272360615
272041209
270800272
270319308
260940058
257763238
257763210
255612037
253629353
252859778
252766435
252765918
252079567
249389203
248132755
248132752
242170771
242075299
217535492
215561531
212567902
206128673
202258769
202153361
201431314
198864840
190608454
180900872
167615197
167614151
163266103
160691578
277165597
276624238
275840698
275840660
275833023
275301756
275143184
275033225
274642203
274459875
274288571
274160152
273959635
273842975
273636493
273583586
273456360
272618370
272446656
272406260
271455999
270769390
262914493
196021581
195742206
191808189
191807994
179214745
167614800
162534330
149153658
122521464
111955843
66379111
13362303
277355279
276621882
275603307
275598990
274911880
274365271
273636475
272362284
272150814
270479513
270471950
270469064
269985216
263274067
262085798
255605477
254086715
253005274
252868575
252649317
249644193
229959660
217286558
214921149
205941717
204053189
203293674
203222489
202631379
202604124
195184097
192863106
190537994
184413196
179694916
170384633
160691614
109283042
68077606
68077580
277526883
277348243
276840246
276165582
275597201
275595218
274657491
274559604
274402385
273725321
273458478
273373655
272980068
272234303
271405450
271401461
271400690
270272550
270161266
270127500
270123316
262817068
255430525
254089867
254089186
253632014
252769218
252763838
252671551
204288352
203208501
201630482
195713767
188554063
173189001
167613981
159403641
114944415
66667310
65018720
277588929
277555112
276957963
276430014
275737979
275600583
274686309
274399227
274156830
274156794
273836887
273746586
273688114
273595867
273228070
271948926
271455769
270843273
263630589
262522671
255418011
252606925
252041101
230002174
215543634
202217739
201391605
198198465
159437717
111553399
32802793
11813542
277430828
277400210
277345925
276489469
275840675
275618705
274818512
274636647
274636570
274559385
274415030
274168055
273712979
273124084
272847367
270838133
270131120
263075154
262581863
255430559
254113747
254093179
252767976
252131471
248903855
248895876
217535483
217423169
216469485
203144078
203084448
203084296
195745688
191808167
191808157
191808119
181238084
178736714
178736609
176815799
277306538
276178354
275401874
275168577
275138799
274559649
274402389
273825086
273786626
273725046
273696022
273690861
273519426
273417900
273243899
271440248
270663052
270478153
263640625
262526504
257763249
255430586
255430535
253700572
253628787
252040482
242101768
204208017
203084481
203015821
202797514
202796267
201911384
190608565
181783088
181461191
180591120
167613909
167613806
39854402
276957610
276430399
275544189
275544098
274881214
274874868
274762452
274156999
274020192
273927550
273441334
273245400
272407346
272242240
271415199
271300875
271219882
270962603
270478797
270478299
270254172
262345378
255630268
255430553
253720828
253665946
253630028
249644264
230368349
214831279
207971040
201929496
198542612
191808258
191808079
189328992
273583783
261973370
258571254
209349782
207281402
189413471
167613530