275219028
275218886
272062065
242616459
174601264
174439111
174439095
174312265
174311855
174308768
174308433
174308404
174307738
174307508
174305861
174305398
174305072
174302252
174301629
173422371
173418759
173385721
173384075
173382960
173382733
173364670
173359792
6919999
3680807
3334359
3324647
3324561
3324505
3324389
3324321
3324309
3324305
474048
473263
473261
273406534
273117838
212474298
174441916
174312403
174309490
174309081
174307702
174307621
173402576
173398853
173392992
173392460
173389763
48477921