275014402
274391177
274319400
273951049
273664787
271005446
270877746
270768957
270167967
263558259
263199363
263053845
262454614
252131256
249373006
248380417
248380411
247446851
215985381
214757473
209398526
205349079
202895295
195472363
177117488
169914763
163165068
151994935
130416595
126725665
122336550
94383325
71149254
59282421
54737990
50215903
6554327
734250
447164
413799
277540837
276263656
275125103
274544370
271497887
270883262
270443832
262892506
262405505
249644272
249644244
214498442
211924955
190455532
190455184
190333346
181915301
179546068
172476328
170820917
169818462
169818275
169621651
169606793
167120040
145898390
117595305
90712643
78290763
75513719
73238663
57047792
33543699
24603178
21494932
14950013
14645353
14524148
3954353
3954351
276295624
275414686
275109221
274566813
273279424
270483473
270167955
267099287
252887546
251984648
248936928
248167763
247813774
247705845
242770600
220677815
214920738
208124532
207773459
205540599
204954619
203231465
192788797
181928999
178109149
175542042
174038838
167047227
166437164
144779882
143145962
142833449
123915913
99056176
95316897
31622963
17001141
2803805
1636767
780111
190355432
190339608
189462492
188660615
181998006
161253283
130743629
127032181
114141090
109641031
73878867
67652288
50254521
10405974
8115265
3954383
2778635
276863782
276491640
276377668
276307434
275654385
275646743
275540751
275125147
275029611
275026164
274820791
274656594
273612968
273257982
273241372
273043904
272620523
272151546
272134950
270463750
270167966
270122901
253266745
247289793
217267372
208064646
202529408
201385850
195841372
194420717
184787584
162526685
152105081
135423756
135322596
52854770
50254527
50215871
14178102
1935493
277483627
276448643
275458185
275414739
275249418
275018109
274987424
274987055
274820545
274574684
274573546
274285655
274019418
272430557
272405314
272243839
272185400
272151658
270661799
263394280
262517766
251984808
249644293
249277972
243083172
215119468
213301700
188660620
181699668
180736421
174240102
130743633
120183296
112368151
109298269
89316330
44859968
35534252
13407559
4947201
277272219
277165349
276908462
276849404
276849390
275855329
275286112
275230185
275018403
275018385
274640443
274384268
274045855
273869392
273755635
273244489
273234540
273041770
271973069
270114599
263682313
253266752
252226451
190335866
188660613
182992895
175541440
143144213
137941568
127032802
109862040
106605309
77717440
275660254
275659307
275658431
275654406
275645595
275026145
274986981
274567126
274411649
274403517
274278082
274036632
273611251
273279974
272255896
272134316
270124908
270055416
249787351
249653721
249273815
248683447
247245198
215694587
214189125
206665582
204985311
198430868
197635176
197626699
195472375
190502351
184419380
184410324
182986531
182985250
172475910
129138465
127033212
44984255
277532464
277263952
277041464
276941345
276849421
276849392
276383850
275108642
274995844
274820902
274593049
274459113
273697950
273467925
272599207
272565450
272133990
270444004
270443829
270232714
264052293
263067601
249644280
249569809
249257646
247666608
235366290
230245087
216285760
203465147
198869326
198816275
196603291
186884254
146398515
136403512
118375043
89594003
50215988
50047503
276908393
276654474
276465062
276382388
276154409
275645536
275359640
275237217
274886946
274818738
274540915
274458215
273557916
273476723
272462553
271435350
271217604
263805103
250458081
249767904
249569801
249257672
247337112
247334278
247245192
217272619
214921468
213847879
207273673
206663338
274949135
274946286
274890751
274843584
274050751
273719297
273279950
272595281
272134259
271982658
270661801
269978773
263805528
263487030
261801619
249872579
249653719
249652610
249644336
247919006
243096395
214860774
209392918
202475479
201114898
201071214
199536129
190859600
172476082
167211550
137941661
127591324
127032683
89314719
277383344
276953618
276273769
275660293
275653009
275359641
275125135
275108711
274969446
274456329
274080174
273461132
273190449
271519445
270637274
270055414
260742252
253097433
247245184
220661935
216296891
215221786
211960773
203996099
202529524
202510868
198909083
198732114
190337027
182993109
176769560
169411397
169128164
146846340
146369008
137941562
129138564
109776179
48983034
987725
277589045
277383348
277163785
276908455
276849394
276849386
276836569
276627299
276385828
275249414
275246780
275244161
275210747
275029613
274987003
274949101
274532521
274273102
273652264
273377499
272462685
272241220
271435312
271079151
263805116
263275106
253187997
249645405
248727269
247919199
247245188
202529299
202333835
198380822
170820969
169817813
137941446
98056792
95268099
1577227
276551504
275794247
275442815
274623398
273899732
273380224