262525585
262525565
250078583
242798160
221223548
213490021
203761111
203200716
198228434
197605119
196382167
195545324
195168929
194954063
190827253
190705657
184491389
181474828
180103971
179805608
176051704
171825185
171821231
170831631
170708209
159717930
144597134
120183206
90514182
74953479
69441171
52798281
11445038
538422
532298
532293
532292
532279
389517
375255
276841602
276450702
276445948
273880542
273817354
273805577
271381449
270767572
263592671
263067619
252137688
251772561
247019198
247019159
243091085
242797422
242075303
222666096
216462165
214827754
214593579
202239167
195765526
195650799
191148194
190826481
189633374
187225173
181223532
180723664
180722270
176804133
150050983
137483194
114945560
102074773
74571937
58213080
44858499
13582731
276349465
275551721
273951313
273726546
273216955
270145050
270105016
253267902
253267900
253267898
247019179
247019153
217147377
214498224
213691841
213669697
212558294
202154474
194807327
192359910
190705665
186165930
185438384
184414229
183768938
181992276
180722217
172344754
172328134
171939172
170831108
159694734
150114554
124893014
111349989
111332689
99056677
86148865
51030886
414645
276342266
276333701
274191539
273912656