274678078
274676138
274675642
271408310
271408302
271408294
271408277
271408261
270253719
263388449
215293710
194024673
193737126
193107570
176291663
176126980
176107522
176036083
176031473
175983598
174532333
173945974
173869491
80366009
8009877
6679311
6542257
3642369
3642343
3642339
3338061
3338029
2137885
2137883
2131643
330864
330763
330658
330653
323644
275090693
274677487
274674302
274673381
271441808
263103190
215293732
215293714
215293695
215293685
215293677
215293661
192989233
192988708
192988558
191779841
176548497
175966075
175953608
174531824
174091385
173955975
173944497
173867406
173866697
115968042
92074052
88809543
74036073
6553727
3642365
3642341
3642335
3642199
3337863
330874
330862
330854
330831
318051
276048562
275090668
274676057
274674838
274674609
274674484
274674480
274673207
271408306
271408269
271408246
247240031
215293738
215293720
176123101
176104038
176021721
175966182
174531850
174530967
174123047
98080699
22985104
22965142
6542173
6541999
3658523
3642371
3642355
3642193
3124641
513824
330881
330839
330688
330687
330667
323695
323619
323608
276016774
274675818
274675532
274673783
271441862
271408304
271408257
271408244
193111665
176036772
175957023
175807120
174527330
174450785
173946664
173846529
167147433
116567502
116567189
92441131
92094552
91664429
76152679
70772054
50361794
6824697
6679275
6553713
6544069
6544053
6542087
3658529
3658519
3337843
1820417
1655049
1654559
334568
330795
330707
274677471
274677361
274677168
274677052
274675628
274675105
274674392
274674198
215293708
208056408
193102122
192989294
192988790
192988738
192988533
176037287
174528889
174501078
174101179
173956140
173903778
116567377
116567161
115967954
109765354
6824717
6679307
6625431
6553651
3338069
513814
332901
332772
330880
330875
330850
330671
330657
330656
323625
277180755
274677901
274677725
274677274
274676891
274676672
274676318
6544045
6542205
6542145
6542137
6542011
3338153
3337893
3337879
3337847
3124649
513812
330882
330873
330870
330868
330856
330834
330810
330693
276657046
274677701
274677272
274676861
274676529
274675999
274675716
274675548
274675480
274675337
274674965
274674878
274674641
274674629
274674324
274674113
274673935
274673907
274673718
270502179
192989068
192988764
192988746
192988704
92023983
91650776
50361770
50361761
36711007
3642201
3338015
512911
330879
330872
330863
330789
330652
323605
323602
323590
275005586
273095702
247240029
215293736
215293673
215293669
176142347
176109017
176108029
176100520
175973040
174532385
173874421
173853675
173844256
168181346
167652506
92093000
91020550
74451756
70765552
6625383
6544077
6544057
6542119
6542067
6542055
6542035
3338037
3337973
3337949
3337859
3337849
3124683
3124667
332897
330867
330793
330665
330655
276275287
275005582
275005558
274677014
274676758
274676527
274676219
274676086
274675830
274674242
274674210
271441854
271441850
263209550
263103147
215293716
192989148
192989095
176113556
176021565
174532070