277403064
276858870
276858373
276858333
276448967
276234497
276031393
275807738
275807730
275807711
275624586
275616671
275543253
275543249
275387454
275294357
275032321
271075075
242693699
242693695
217500670
206294622
198128792
194182155
190232446
156176961
154861100
154854435
154774537
154721984
154718137
154248010
120444914
118262742
118262097
118261409
91758726
89353465
73464723
20620829
277417731
277402926
276858609
276858279
276858205
276858166
276857914
276471926
276471916
276267567
276234505
276234495
276132461
276016790
276004597
275074587
274883669
273315978
263387904
262674664
242693705
242693697
225209830
217500672
202176629
189263220
187593246
165747262
156178358
156177281
156177008
156176965
154250063
135960913
118262293
114900950
90871858
56956611
48963498
23411207
277402930
277402922
276858817
276858212
276858066
276630870
276132467
276132465
276042033
276031397
275660119
274098284
274093541
274088755
274086017
273315592
273315371
270683792
263678893
254859580
242693681
225209885
225209819
212285490
194182144
183679568
181566113
181566110
181566095
181566087
176582078
169380856
169379742
156177059
156176970
118260678
114770082
89353469
89353051
89353004
277402994
277402924
277013870
276858487
276858428
276132469
275616557
274075338
273315396
273315181
273314947
270684251
270682979
270679687
263593330
242693689
225209802
206294656
206294653
206294616
206294605
201081481
187551387
181566116
181566104
181566100
169270818
169270812
156178475
156178194
156177303
156177022
156176964
156176939
118264557
89351118
55994360
48011237
36319250
23411718
276858894
276858801
276858504
276858368
276858337
276858237
276858120
276858118
276858111
276858034
276857997
276857909
276412048
276132463
275074594
273315594
262674504
242693691
225209814
276858156
276858145
276858134
276858133
276858012
276857984
276857936
276857931
276031401
275807725
273379950
273315880
273315834
273314945
263387982
225209847
225209791
225209789
202176799
202176607
181566102
181566084
180045216
156177605
156177066
135614974
115123413
114695668
277529144
277403031
277402934
277398498
276950300
276858863
276858840
276858458
276858209
276858072
276857919
276319660
275616467
273379746
273315976
273315878
273315858
273315183
273314851
263593363
225209805
207335687
206294608
206294597
202333903
200844387
194182131
191516849
181566093
181566092
181566083
181566079
169270763
169270758
156177959
114927553
55987541
55947510
52274072
52273978
277437883
277406680
277402992
277402936
276858756
276858747
276858599
276858574
276858446
276858180
276858082
276857941
276471853
276466752
276031407
276031403
275527964
274076715
273380129
273315373
273314909
242693709
242693707
225209831
206294665
206294642
206294636
206294614
206294600
202176830
202176732
202176634
202176627
202176614
198889697
181566106
181566097
156177756
115006411
55993512
277486063
277406676
277403022
276858829
276858807
276858796
276858260
276858135
276858127
276858122
276858094
276858016
276412046
275428495
274090366
273379773
273379634
273315948
273315934
273315844
273315392
273314880
242693703
242693687
212285513
206145550
23411259