275459954
273915060
273383956
273257777
272349560
271317433
247371211
241667922
214651503
208198119
198342219
196150468
193895775
187600385
183251642
177569697
176119662
170466693
170330475
161310103
160375101
105231736
80142837
80141527
80141519
80141516
69157643
51702499
29591064
12107379
11473824
10271801
9811219
1610161
445700
437397
430863
419610
392561
365780
276457018
273023441
272396045
272058579
271317431
241667551
220663057
216090588
206491175
206205064
204057524
203770408
195255574
187934043
179736556
106362618
99039335
80142833
61546342
59293803
58133428
52393321
48364410
46614436
44859938
31253400
24594278
22110513
16238985
11861338
7435615
2267699
553989
526718
437705
435988
405634
392568
365811
365794
277283861
275853496
274169092
273943557
273257779
253621839
208907174
196150480
195283616
195161919
187600379
176127343
91273240
81790989
77122331
48364409
48364403
48212494
42459032
42459030
42459024
37798687
35725258
27611077
23227942
22978980
10833204
10697585
7902329
5869771
5808785
4327481
3052703
871692
578223
437968
437740
437725
437312
435954
254019762
253621825
209388639
208779547
208206806
199889968
198342230
184410519
178035286
174444172
170466633
155049277
152187720
91419389
81790991
77730766
73230838
54567410
54143527
50215961
43981564
33411365
32901469
32899148
32899146
32221970
5829737
3052005
2326363
2267173
705177
442425
437577
433373
373892
273928628
273637227
273511566
273511508
272402952
257835545
247937066
247557692
225210800
199978240
179372231
174933118
152187718
118582429
106362274
106362254
102140426
98875885
92010896
91276124
81939227
49659774
49564296
32855257
25000064
11718089
3052085
2268213
2118777
440901
439907
425112
403781
403780
392575
392569
392562
391682
391676
365791
274217026
274067212
273879816
273637290
273637150
270541603
262830069
260922691
253523744
253523742
253361067
208906638
196765067
196579618
195993407
180399949
178944214
177973963
118419944
98009340
98009216
94172873
79539093
68279898
58696230
45123847
36389357
23943911
23432479
23220232
2326365
705091
443241
433380
425098
403771
392567
392563
356761
344334
274096242
273637556
273637115
273636812
273636792
208917285
208739191
207336642
207332216
200016840
177321525
177202389
171877380
155356576
117379266
106362114
82385170
73513764
45123839
29591072
23226994
23226723
10833202
5808789
871480
459468
448839
415822
365810
274865686
273511473
262387181
260922759
260922736
253621959
247238492
228989217
216090602
208917642
205707696
192950649
190558256
184217313
182307809
181808927
180609961
180609934
179736575
178944380
178035278
177563799
176814106
112555157
84583401
50361638
34362360
33587348
33360305
10402977
3052043
2789625
885624
705201
475930
445711
445696
437405
391681
355309
276004520
273980570
273637802
273637008
273511742
273418328
273260528
272035214
270744982
263483363
263084897
262812741
260922688
253113506
247935574
222678945
217387262
215045892
208739233
205611478
204416887
201856529
198584747
171812132
171810872
171810129
170064300
105663887
84321122
77730764
68169433
56306571
36391953
3725155
2326367
1344919
885834
392573
374636
366510
277717673
276082126
274599813
273980572
273980396
273689334
273634677
273458700
273023483
270302744
263957330
262812578
262812574
262812351
262504411
262460025
178113309
176753051
176437903
170467284
152780557
152524548
152205193
152187716
117399053
77231157
48266413
36368651
23956865
14813901
953740
273929946
273637295
270744988
262862170
262813083
262812580
262812334
262812054
262812048
262812038
262591976
260922740
255176208
253068960
252830866
247376191
247199314
215141235
214829154
212561849
209904860
208779551
208206737
208201326
207643014
205811077
205695416
205335432
202239539
200941639
181809009
178569625
178113190
160100034
117379269
106362893
52585350
36339706
34380904
32976068
277717056
273886569
273667115
270869049
259568275
257864912
253665950
252961799
247938077
247199565
247199430
217641545
215141430
215141153
214829340
214759096
214590119
212564535
208062883
200941643
200725301
192949514
185225521
180609924
179736569
178944222
176029760
172422035
171584589
170330477
167613861
154880543
118419940
68282054
66417668
36389353
23956855
403782
373886
357777
277542366
274145052
273597068
262830423
262830416
262812752
262812332
262637284
260922765
255176210
253095421
253068924
252855043
252853932
249593345
247933393
247238727
247222055
247219487
247199597
247199569
228943385
228848605
217642568
213691625
205695107
202222271
202010922
201623049
200016973
186133155
180609932
180609926
176470848
176466239
51990203
22979457
356767
276834906
276161714
274840703
273885390
273689178
273637798
273479606
273452282
273424420
273418231
262836496
262813086
262812060
254883800
254883793
247371831
247199393
247199282
217387265
215150490
215147290
214828522
214818123
214815799
214601669
209905129
208906547
208739251
204322827
200941642
190725757
159727216
152529194
73323664
68562367
57349250
34380796
2657457
2326379
2326373
273941555
273637244
272597263
263957328
263957326
262514300
253361065
253113411
253095187
252032066
217207440
214818153
213691825
213680767
213226000
207643018
206664744
206491162
205506387
201630409
201423175
198301349
192950641
192950494
192948672
182111074
178603967
175956467
175845361
155049273
127221883
102140612
102140462
99056486
68459943
41139527
36389355
13833478
7435613
3052713
273636836
273475158
262862326
262836367
262813088
254019183
253071372
247813954
247240141
247199579
247199423
247199307
247199293
215040491
209904869
208907111
208779553
192333236
192333234
178475658
68562613
47438229
35905787
34362752
375573