272597920
272597760
272587326
270053657
258231061
241777374
208137550
205814460
179756014
175833959
145076477
137828066
137825297
128656374
116971615
116614084
115225431
114948531
114948519
114948514
114948513
114948511
114948506
105614586
95089972
82391170
82006765
48282587
45217173
45217145
45217047
45208942
43833572
43833564
43833500
43833494
41404998
37698827
14874932
4679923
275628064
272414559
272111497
230038962
217172596
215902943
213893007
152139647
131280514
116595365
115453526
115225341
114948523
114805869
107005350
76103024
75834524
58992656
48756131
48282647
48282455
48282408
45218647
45218631
45217227
45212816
45212596
45212455
43812140
43342049
42262593
41294575
41294561
37698853
37698788
14161803
2562879
524014
349128
349051
275761986
272598157
258215850
212480564
205292601
148944460
145973631
42262599
42262569
42262560
42262550
41405000
41404996
41404980
41404972
41404966
41404964
41294572
41294567
41294559
41294547
41294539
41294532
41294529
41294511
41294507
41294505
41294497
41294495
41294483
41294479
41294475
37698765
35969988
24618403
24458915
20462829
12491540
4679899
42088
41294519
41294509
41294501
41294491
14875605
4679909
4679907
349988
42248