275889212
274471672
274471459
274466338
274466326
274453623
274453591
274453486
274453385
274453364
274453345
274453311
274057122
273457354
271073994
270855406
251514053
251513210
251512998
251511141
251510394
251465340
251459429
251456917
251455438
251452932
169781903
113211046
78288253
77111961
74152779
54393362
52082087
51741293
48931411
40563299
29139775
28907442
26091893
2364861
275010497
275010487
275010468
275010453
274466416
274466353
274453567
274453501
274453327
274084505
273928686
273456777
273456324
251511962
251464470
251462775
251460143
96481856
54672820
54392720
51835080
29346920
28907434
2364873
2364867
2364865