277381908
277381898
277381891
276933583
276807931
276526111
276526058
276375085
276077657
276019606
275946529
275882947
275882939
275882938
275773683
275335283
275301697
273457566
273293004
273119666
263391841
219148748
205033951
200764124
195545297
195545286
193099631
192733741
192117338
191148988
189572584
53545654
52805060
52789367
52785564
52207304
10807780
9729890
2496281
441373
277450969
277045431
277008730
275687124
274923685
274242104
274099743
273787209
273688229
273596547
273119803
271950440
263068391
253398071
250478988
248989445
212213043
198644080
198342225
195962781
195545372
195545332
195545292
174038853
166073424
165956567
165956561
135754407
111290700
71062564
56908132
51574033
49549966
21853767
7034499
1725947
1392937
1392935
1021663
571210
277506061
277437106
277406242
276941409
276485037
275945038
275688904
275351588
275249111
275238007
275114189
273978196
273524655
273356219
271963405
271381411
271087469
270848270
253058454
252591790
252591756
198569578
196856119
189076565
184226418
174038842
165956557
143144240
119240540
107015960
57049002
49549972
48963029
46332538
32916374
20271894
11492076
2732615
2608653
543996
21032159
4790475
1392945
1392943
523501
497088
488181
277431007
277031809
276545298
276365798
275258530
275197082
274959869
274329431
274064096
273850761
273787212
273524646
273151283
272392899
272134450
271846142
271418880
270302128
262862184
254377331
253235518
249577350
247566100
200726817
200039678
196180774
195545263
146224840
109765006
48905499
40429232
35291496
19913953
1392939
568762
520330
493004
437679
427940
397233
277488952
277400587
277313276
275917196
275912252
275062529
274919713
273524641
273179726
272853938
272164915
271950414
271806587
271806585
263354918
263109178
260803527
249765138
214189303
198097417
195306005
192475875
192333856
181232802
171255652
168234720
162832796
129765498
77330632
57388077
57380875
48888761
46849710
31862727
1826145
573720
551009
475133
453668
439401
277394653
276928992
276917150
276912997
276841085
276829328
276649096
276379334
276290001
276074080
275820932
275799657
275771411
274871562
274708804
273043894
271414269
270774650
270451284
268396003
267340213
263982544
263980371
253721992
242443707
205033835
201004696
189076559
129528437
127360731
87245797
15156115
6580763
276557304
276485011
276369403
275890850
275853633
275741671
275687422
275195995
275107113
274637003
273953689
273879042
273596561
273473132
273244315
253642367
249934596
205301033
198569576
197628286
195774701
191450914
186142233
174038839
173230850
119240587
75310289
50047485
14044905
1578143
546622
542586
531103
530005
470199
444407
403324
344705
277398865
277031808
276745033
276368784
276223560
276102883
276031436
275280953
274099283
272061500
271663125
271414273
271299903
270252824
262783973
262692638
253656605
252092847
212213977
212213033
208408700
206722316
206539114
204762009
192020531
176024921
176021592
170998927
41569710
34471386
17960391
7959389
2880399
1694137
652647
626851
626519
548697
542575
376725
277044958
277012670
276857386
276497638
275971224
275728074
275531112
275308458
275018057
273892216
273832115
273354668
272916598
272057417
270965919
270773989
270771548
270107308
253227733
249038661
225210805
210966755
200628692
199989001
197920682
193450577
193007460
186433528
134222686
128800218
83491513
73434639
69162913
55514215
43950714
21314852
484544
459647
407844
376722
277608436
277437114
275890844
275825182
275737926
273978198
272837252
272745807
271087463
270898282
270704371
255173063
253058449
198738151
196830257
189557398
184594032
184226852
174559144
159733658
153078465
137001505
107332130
77626943
63584828
63584826
56908125
1387569
488166
488165
425733
410087
409890
378227
276807951
276405544
276179756
274896333
274020592
273787217
273117892
272895604
270252828
267340208
263253661
262905726
261963767
251984722
212598127
200795543
199975529
199006804
196932364
192750623
192460379
189657968
176926942
172907796
149462942
146224383
107331074
101339578
95071281
77220929
74166759
73923128
63584824
63584822
55604520
32907927
3076657
741765
474774
447343
277504511
276724233
276635704
276271517
276250838
276024568
275949019
275942236
275903601
275741657
275527947
275354216
275114181
274867157
273725033
273503225
272830171
263567416
263479787
263207844
253471957
253237864
251984816
249399028
211924855
204077222
199975842
196205677
196180917
195318747
191915245
190546801
176133531
146214548
73765936
53978111
1315607
836773
571883
400629
276745031
276551178
276327766
276162785
275971301
275929874
275607130
275196203
206781734
199969254
195999054
186881266
181782993
174605347
161863419
158741278
145093003
38139082
34922821
34922817
24164583
539972
538995
441075
410289
277437117
276664717
276412127
276377720
275837062
275569737
275237204
275106929
274337858
273942731
273356139
272924100
272837205
272443662
262903780
229695507
218754855
216447871
215800534
215548508
200725419
197590610
195919440
193516652
193003584
190539335
184226849
170998879
153514457
141002529
130730925
58973838
50215497
39328692
36940797
11482677
4299553
531751
520313
442943
276735695
276587063
276587018
276412265
275583837
275024274
274031256
273990734
273896135
273850759
273458767
272164276
271974491
271477533
271456498
270477982
269007078
262525483
253300512
253232030
253005258
251573836
249176444
217535524
210966276
198531884
197739977
196424609
192456132
188535523
176752915
146388502
114895807
13329222
1734369
569475
555336
550800
485335
422118
276931875
276078578
275799426
275511283
275478038
273747722
273530504
272982299
272284716
271524470
271198774
270790560
270787156
270302280
270252810
262818785
253268971
249227297
216213491
209867947
200771863
197740128
196394981
202854399
198569082
198197154
186497020
172064971
170776799
160836701
141289964
137555851
114945315
100207921
22775075
2939819
1672463
480849
476199
441359
434338
414985
379072
276962827
276856635
276379022
276106041
275952738
275806360
275776759
275504317
275377848
274814955
274636753
274361822
274033051
273716519
273272118
272172868
271652232
271362562
271245603
270659497
261963808
261946694
249771968
219387346
214589698
214189420
195941382
193125923
191632104
187011525
177757970
175151527
154491956
137941382
137024869
28278722
880688
480212
444696
403505
276807923
276800047
276241866
276160479
276030586
275952200
275951113
275938983
275200129
275198792
275015968
273707126
273623420
273623414
273587191
273535962
273411203
271972216
270785730
270701629
270472705
263419958
261986176
252357173
242443792
198305320
192636384
165956562
135032713
110447670
47504730
46648985
42843093
12880021
10209512
10187463
836114
520358
510482
405849
277437107
276959500
276856758
276856289
276649183
276598851
276586548
276502365
276404030
276376179
275866204
275672687
275106940
273623410
270755273
263764671
260803529
252636337
247804810
242443711
225210807
221516916
216213410
216213404
207503045
207281091
199006646
198933455
194421515
182849309
177274835
176752976
165023970
138201934
117832418
49026032
17371064
10187412
1528279
376720
368021
345205
276641110
276636715
276524973
276405505
276314200
276166627
275607074
273785828
273707798
273455835
272887435
272837525
272237048
271628416
271245639
262677354
261963794
253307803
253255764
249026480
246856171
244300041
229732769
207883438
205018844
202619582
201850280
200032593
199541787
199041315
197235506
194198666
193007774
179368325
116668066
58932964
52672780
2463189
1656041
391858
277608805
277347364
276745007
276658878
276522434
276319952
276273872
275208530
275107172
274866777
274866771
273411138
273310961
272555576
272447146
272430559
270492191
263563157
263303987
253865930
253237603
253151740
249053569
202708719
200725417
198283221
196946017
188947465
179734712
178779235
173479580
117832404
46645911
42842961
21314479
10983644
4790477
542690
475306
456360
276259743
276009696
275543635
273892333
273525119
273419415
273219415
272837762
272358713
272183233
271456500
271420514
263496321
253300460
252601640
251984759
248413341
212973740
157245385
153991105
146274029
119985825
77578693
73496438
53913567
15756125
5892245
5746495
430486
395417
276963665
276857868
276545279
276065498
276002531
275466756
275212133
274933002
274241159
273698503
273657351
273411286
273271844
273045506
271063321
270661363
270541627
260328626
253656610
253060897
251921588
249590243
242487130
242082618
229732812
221226326
195503730
192951028
191808567
181673835
173488713
149785218
117791508
74890775
36499605
22777868
1566833
551421
462374
427358
276605189
276557239
276386138
276319892
274032917
274005422
273351840
273302042
273294167
272434805
271661239
270659701
270138573
263253477
262904872
260892277
253258516
252011530
249208116
247950269
210153218
203084166
199607938
199039669
198193760
196338133
193459728
190608510
182755855
179953938
172147046
116554838
116249820
109109553
92010612
520318
478978
451933
427295
425734
277272098
277040880
276562349
276385856
276121353
276036978
275742051
275297435
274947003
274360709
274250146
273899299
273509981
273459966
272882868
272306735
272134588
270771536
270253606
253298739
253269127
251984743
250549006
249257247
248459220
242486998
213961013
205944855
275503241
275302535
274215955
274084673
273980005
273912611
272164991
272134429
270832161
270472307
262432564
260810304
253264975
249777598
249220293
217563100
216090638
209387158
192913437
187011557
184633072
95924476
56696849
55503383
49549970
48962658
3718845
2612577
2068933
600382
471328
469424
454025
417215
277342116
276898473
276707049
276508657
276501898
276458825
276458719
276105317
275210882
274252963
274033910
273773855
273725444
272445701
260914415
251984844
217535555
215897239
209905715
207428935
204761926
204664222
202343032
198283195
197923036
197628284
193045245
190502252
177633738
147247930
133712541
123547245
88941675
37449508
24999886
20009886
456062
429149
403493
382892
277026859
276636811
276029958
275890848
275741635
275527813
275062837
274194083
274146100
273656293
273623411
273581750
273094944
272421669
270847463
270252804
269849561
263253582
261963788
261963766
253298685
251984842
247412770
217629820
217535463
216933913
202238243
196579625
196058212
183483269
179445828
176029949
172474995
168712758
50495514
35339509
566255
556868
463107
403627
276886497
276594771
276503438
276368421
276323657
276224197
252796490
252050196
243223921
214189254
199554861
193736760
175146842
167019788
147564409
146226333
125760110
121235423
114772649
76779791
24984568
13979492
10833364
2357771
845551
276412149
276412131
276319948
276241834
276224131
276065574
276009668
275890852
275505058
275504475
275385448
274890859
273953527
273867457
273707118
273428703
273291786
273256879
273245109
273047255
272282508
271820566
270772216
270107129
262590385
253238201
242485096
214072291
209608493
203117964
202233969
199878536
197920254
196349718
193649417
192008391
181782952
143656053
116246292
38139074
277272104
276975451
276646801
276090051
275385460
274252532
274056310
274033293
273899222
273849171
273746654
273647243
273586658
272886906
272857109
272200201
271998004
270490836
253300508
253281294
253271637
251984587
249026430
216226478
210967770
205608935
192548661
184442475
165956569
158307847
117791514
115444673
89294052
83491411
73476376
59362959
53982177
44983185
16255792
520921
276596458
275607160
275580150
275580106
274972504
274071617
274023840
273707800
273600468
273175295
273166539
273118042
272899482
271846228
270799014
270252814
263563252
253530677
253298857
253285643
247799385