277352416
276471519
275522533
275360261
275348721
275271837
275271760
273287571
273074940
273070218
273069903
270105776
251544698
250086354
242087779
201290876
192288262
190096451
189337948
157056276
150783204
147965950
143112341
127203905
89463604
77029867
70224520
69157607
33341059
33340922
26297021
25411495
25411295
22413177
22410398
20330908
17612070
15302875
1544251
1544249
277456954
276679049
276679040
276678998
276678969
276471460
276353351
276317831
275838336
275426042
272402924
242092471
199539690
195864636
192714609
182476012
178262718
167524441
153659829
147965360
143006654
99139290
95295820
82389787
77029884
66747919
51991620
45438009
43238907
35450299
33341020
33340960
29183161
26149219
25411412
25410378
21928515
21924695
10016421
1544253
276679034
276678925
275839057
202333877
193323162
186229652
97816750
95295586
51031503
50704249
22414691
21390092
15245733