276616444
276482093
276153002
274988028
274887963
274872509
274872084
274800571
274707681
274596930
273466176
263206834
253691055
253248344
253232314
252765437
250078130
246208126
246206795
230231557
225195100
222723665
220823547
216206531
198531849
192930235
192726757
180720649
145768937
134615577
132302675
99056156
71156795
68417980
68393860
67196313
45873960
14318929
435694
370261
277628046
277621040
277164843
276699630
276660663
276139099
275576820
275250949
273652022
270472489
262405221
255612238
253309893
253309834
253309822
250077436
246209170
246208086
230231501
226910804
193536298
193315691
193315683
193309720
188490313
174933116
174085078
174085050
169621187
136753121
123447235
118877612
107535255
92552160
74691558
68570503
67196071
50228410
30807652
16178016
276273074
276108724
276082124
274885866
274856351
272309484
272308207
270478990
270129324
270121111
254080526
254080354
247778346
246206827
193315646
167614460
155619344
127860458
68392491
32638320