276317398
276317233
276317208
276166591
276165629
270797850
270758118
270465857
270440617
270439626
270067466
269984907
263679899
247765487
247444536
247333921
225960062
208508429
186088006
186087412
186087300
186086959
186086770
185654356
172129285
128288190
117774505
117576782
109030282
89936476
88821794
78025463
77906884
77148367
77138336
76794540
76299410
75632994
12478771
9809130
276861058
276851306
276851145
276845589
276845481
276843248
276841144
276841042
276824399
276809826
276753444
276195738
276166340
273493415
273489534
270548936
270548907
270548875
270464646
269362156
260111404
253620517
247329618
212213811
207749494
197657712
186271118
172129200
172129046
172129007
77426040
51519668
8952372