277574344
277555471
277487427
277464359
277459067
277341871
277135764
277135732
276901470
276619206
275852601
275587692
274730563
274533478
273979933
273707120
273662840
271834201
264051920
262084700
253248075
225267017
214757467
205941719
186704575
170098856
161903427
161903415
130172025
120165303
116377707
90985722
78975612
72332258
57047799
12533371
924313
713988
713954
458365
277500929
277356304
277276218
277135740
276598418
276598416
276471615
276414591
276407195
276390767
276186566
276183532
276132599
276003415
275946534
275905631
274928035
274372902
274045713
273932126
273535919
271394399
266552538
257787024
177234505
170708231
165627241
161957996
155106681
146289792
124893068
113527842
103596493
50579664
50246117
39820791
19421103
2345575
474814
446730
276523796
276489095
275890746
275857484
274909408
274579058
274080936
273823395
273623706
272165448
271542020
271527564
270764117
261801326
254083182
253380957
252892332
249939047
249610637
242618129
212607489
207841150
205673366
203909517
200646397
199532582
189492457
159814522
146272319
146272306
87834250
56372693
56365313
49026043
45370410
41297376
2297623
772192
531450
458030
276686594
276650740
276383722
275952561
275813295
275770114
274629392
272199006
271510595
271368734
271234096
271130421
270234756
263483968
261988176
261986381
261985972
253357800
253097640
250020160
248687001
205326097
185654117
185175644
172905667
172175801
169887097
165084912
163739533
137733335
96750988
77220918
72206704
41161319
2462905
1420371
849753
435820
435609
328153
277592404
277592030
277344556
202290708
201385719
190194745
187836075
184242011
165084131
163703151
146292045
137440632
115254370
113528254
109861935
72206702
55206768
53395812
7428563
3308303
276132351
275883977
275854837
275832269
275770116
275517759
275188239
274760993
273890413
273398434
271972209
270747807
270715762
270329110
263104512
257843602
250549003
250548977
242085607
212961336
207564285
205279970
201110873
200925421
197853138
184468993
182096272
181454158
175157343
171220176
160907665
141255303
134222505
125644210
116384499
116244761
77222708
77221435
73174297
59597441
277410782
276900625
276686410
276306556
276132353
276103965
276090619
275586904
275550016
274930275
274726649
273383074
273350177
273161900
271510596
271451075
271218793
260968006
260967742
247324719
213712759
192950591
192665910
191267682
185433762
175151344
168543528
165038747
161490527
149767304
146270704
141248173
121259212
112193866
74571428
36953412
4460587
2345563
1820059
581005
277180346
276965017
276948549
276334891
276328254
276316826
276010836
275745668
275742807
275586862
275006494
275006223
274399719
274045044
273691172
272962208
272850064
272074473
271987243
271221407
270344305
263584420
262977662
135322588
127031535
115254510
111016573
104557687
98873976
50579668
49179795
277383448
277294695
276901372
276809099
276580999
275822294
275218914
274793774
274146248
274120579
273252638
272892159
272323124
272323023
271585647
271398204
271005400
270335545
263418125
254141992
253398324
252892340
251984658
247334485
214731956
214189412
212993148
206145337
204301995
196047564
187608855
185006095
184634319
178069249
172476124
161630838
155800702
147341592
112311560
111016877
277489845
277440555
277216671
276828965
276734274
276152781
275219664
275018094
274709981
274592937
274069551
274033336
272322002
271368453
271199624
270483561
270054259
262765979
248343389
248293281
229696256
216462976
216285803
215730350
214189214
213691845
201308428
200848490
194404757
190320416
172871181
134222475
127591453
127591285
124892993
109295437
105745092
75432544
5771249
5023489
276959926
276581033
276132305
276132303
275215940
275092675
275066147
274963425
274759018
274602534
274160131
274059870
273805451
273712857
273329204
273256643
272856770
272830165
272558768
272369205
272209261
271484705
271450262
271423325
261809217
253413295
252892383
247406094
243084997
242504908
215767570
199034871
159871852
133110304
127591471
127591351
8495278
277294703
277272150
277272139
276937073
276755672
276645842
276558641
276453970
276405545
276272415
275170719
275041185
274975119
274770267
274195851
274170443
273641108
273461348
273329177
273325909
273249185
272418362
272293537
271527532
270244837
252636708
242076238
216296892
203231426
192113497
185006038
179968425
144709057
143144185
119251586
104557887
90117155
25201014
21884892
9859081
277607458
277555241
276676528
276547027
275607487
275200125
275199935
274822798
274595859
274595793
274545718
273789351
273667324
273301043
271398122
270344323
270142484
263584019
262664318
262084608
253113363
250736497
216296903
215790727
215548577
214930399
214837908
214692740
214582315
214101671
205809834
200848324
196193801
178061478
175154949
172680895
171095911
152105072
136013909
127692373
277504486
277184431
276687539
276502205
274961025
274940520
274883149
274749418
274642214
274548441
274113632
273122277
272558748
271167831
270504541
270477986
269946646
263580695
263413050
262605355
215110102
208074668
204424776
202961481
202529461
197628524
195941172
192950111
176737172
176732429
169887109
160671700
146728618
143144332
113001291
275285915
275283294
275237182
275002596
274929365
274839843
274660741
273587115
273183927
272964643
272361586
272247079
272155625
272003109
271966496
271360597
270541655
270482802
270332763
253413251
251984769
249945439
249700202
217387250
208559452
202604297
199242987
182975950
179952312
171581108
122521444
77222078
77220996
48541472
579658
277346083
277294701
277272148
277214893
277138655
276807905
276140046
275805716
275218843
275091498
275068893
274686587
274629073
274595543
274118582
274118142
273709698
273667335
273543747
273298856
271366776
271311126
271199672
270757319
270756220
270183018
262466354
249693726
215790672
213716338
207503035
206560644
178109265
145837919
137592841
137130781
133151873
117918102
108716646
105320293
276091149
275694252
275645495
275186878
274777450
274134069
273980853
273509178
273292747
271063575
270744049
270477984
269980830
263558361
257409935
253620299
249856043
249704007
248362550
247346458
242178734
217385987
215730348
215560903
214753105
212567933
208685123
206669782
205305881
204985083
198127465
192950947
187946582
176260442
167462118
147844811
101296963
54651366
19250086
354810
277387797
277372234
277346971
277277721
277013411
258215820
249610639
247480301
243006528
242076111
203231581
202604474
193718160
143144350
127032306
77221464
73384916
71980322
57782435
44251089