276892017
276750527
276456404
276450407
276382438
276369656
276369573
276069082
275794337
273699701
273355998
272305843
272178398
271973140
247741487
246853710
246852517
209165797
204765428
202040399
189199903
150217800
103823667
88000558
85560907
77112147
77112145
77112144
69322440
68250946
67088646
53443901
43399128
33387059
28466437
27399701
9687407
4327477
2909543
1535205
276900881
276456413
276456360
276268067
274116335
273670972
273461280
273384705
273272663
272728314
270744471
252973544
252973367
252964639
249205032
247238826
242693606
242430087
210438922
207641821
198562095
174038756
172918001
168303290
146273808
146273463
123915910
115246685
84565211
56513009
32586787
24822962
24819460
24165755
24164554
20832196
19617328
1085402
561983
541830
277565299
274923175
273670974
273466944
273250734
267342783
253071214
252973407
247741476
247741472
213886812
212324092
203144592
178113129
116167264
33387216
24820736