275889869
275697870
275697604
275697558
275626445
274142336
274118276
272367340
270125430
249877766
222376699
209128806
168183394
168046506
121269864
121082562
116748538
116746978
116274607
115966829
110126338
109852239
80127538
74744229
59281977
31881895
31878837
26143563
14941727
14180641
5128751
2503005
2499713
2361159
2361063
2209075
2175357
1382619
719834
338176
277591873
276389236
275697813
275611770
274124930
274124926
274121196
274121115
274121113
274117430
274099476
273308637
273307930
273305936
270123782
262875987
215540858
209391508
170331329
160654490
120461208
116406024
116335389
109878802
31648872
31253550
10316553
7091459
3818689
3576535
3320515
2499797
2377693
2361421
2361169
2361165
2361163
2361147
2293259
2057577
275626594
274117439
273309582
273308552
271314934
271190670
270073031
170335630
167970486
130439451
116189225
116189188
26143329
3848271
956592