277032679
276345860
276251822
275628897
274952831
274579183
273514764
272447113
270988831
270988775
270492868
270053968
268916981
262038003
253272985
248325887
199551917
176522340
171652268
171258283
170767082
160270129
160269004
160268870
153661213
131280653
131280616
119710472
96586495
95863991
88960574
88956897
83021011
67242226
28156148
25005832
633139
517146
473703
349707
275602189
270903076
262674922
199552247
195875367
195875328
154184393
117473239
103870693
96586796
96586493
96586491
73493050
466026
349091