277427572
276568795
275856940
275823813
275626500
275024647
274357348
274287369
274133435
274107246
273621652
273524435
272532975
272532965
263450746
263450700
263450617
213883758
205807584
195697019
195696995
195283805
195283730
193878505
193737122
191779958
168006464
111201640
91998844
48755052
41588665
23438939
22985178
1688439
706959
518348
442302
435241
385171
338986
275875291
274142248
274133507
274133369
274124164
274101540
273962405
273717663
272558548
272558514
264051828
263450674
248896340
195472360
195283803
167682955
102758488
102758279
101871822
101870954
92002762
73492373
26440298
15778959
2502989