277390713
277351648
277015589
276599571
274454411
271135920
263771009
262674373
259857491
258752317
258752309
258752262
258752246
257914749
253620533
253620529
252126367
252098939
217181479
217181089
190230204
176230814
172158704
170337730
170337616
169380860
169380684
121228562
121228265
115247220
110584096
108614631
96579789
96553704
79460085
26613495
25005289
25002771
25002757
20930483
276933089
276825554
276825507
263266537
263266474
263266431
258752358
258752236
253620531
253620527
252126345
195875254
131280761
116518527
110877008
110876684
96584494
96584433
96580386
91833375
48011462
25006438
25005608
25005351