275852852
275852759
275484259
275484162
275258657
275257557
274991728
274675674
274364837
274274189
273330854
263395438
263099001
262744819
262734724
262729526
262652919
262567689
249876374
248703415
213936743
198495287
195696997
195283785
191922207
190707226
139336772
138581425
137442781
102133004
56345615
50702280
41498599
36316262
14948130
2865489
956482
714241
485276
315910
277500409
277499668
277012437
276882140
276860246
276860147
276860071
275915946
275915652
275859466
275852676
275842368
275484196
275042501
274674938
274673035
263080723
263067953
262876985
262730773
262643228
259484115
249825878
248789314
248703394
215981969
215604512
214921526
213936788
195472323
192450672
190708747
103378845
102758297
95540413
35778390
12596364
1599605
965552
567344
277555671
277555554
277539613
277534975
277534850
277499414
277407134
277370529
277370414
276963554
276963305
276149669
275842203
275105452
275101674
275089241
275005528
274673012
274168357
274056128
274031145
263101142
263057666
274088964
273990255
273818702
271272323
271269998
270502163
263068382
250101197
250099788
250059546
248789427
248569591
225924654
215604827
213949424
210154560
198569060
198495129
195472358
193880859
142376117
141813777
138558658
88043569
44173027
277534746
277499592
277010663
275842264
274673947
274168010
263200525
253350321
202961825
195283830
2395361