277465692
277436866
277327508
276975552
276912993
276612395
276612385
276546978
276546966
276427725
276424989
275431718
275148730
273524629
273465417
273304943
273167079
273135862
270233130
270123312
270120702
263384940
263323893
263100010
262464238
250228883
250109990
249934579
249388991
198911404
179912837
179912831
124893015
77221269
50736014
44251095
7958127
2804401
2362879
1662795
276636187
275082320
275051301
271291273
270977139
270125239
252677111
252355287
252334201
250077245
249388150
193050650
190608508
161126841