277327194
277327184
276597652
276391688
276119066
276111743
276111680
275419100
275013148
274883241
274709433
274544362
274161239
274066717
272831380
271313294
271222104
271194949
270329252
270296346
257846842
252004039
220820776
192859501
191089523
181120836
139653584
121157177
119446030
119084359
117045353
113656892
113655308
113108772
92503155
92499739
73655772
73636146
52806371
21408877
277392593
277392580
277392559
277392554
277392546
277392516
277392509
277392494
277392476
277392465
277392462
277392457
276645053
276295217
276111601
274679203
274634461
274634022
274272476
274161279
274151889
273557696
271435078
270229620
270125870
270111266
269851990
260669348
252159340
249664242
141841490
123118878
119478131
119451408
119449775
119363137
119348169
119087708
55882025
402383
277598908
277392594
277392588
277392582
277392568
277392555
277392534
277392532
277392527
277392505
277392504
277392500
277392486
277392478
277392444
277392428
277392420
277354971
276364093
276117767
274917006
274679219
274634464
273156458
271974312
271316647
271126541
271102496
261037908
252646077
248620536
220765106
217764261
205116961
175446285
141816023
119445997
113105835
112056449
71896251
277392564
277392558
277392548
277392529
277392522
277392518
277392512
277392497
277392492
277392480
277392473
277392470
277392464
277392456
277392454
277392450
277392447
277392446
277392438
277392436
277392434
277392426
277392424
277327838
277327493
276111615
274373797
248620546
248620531
177782781
164755220
119446014
117084358
277716774
277621911
277392589
277392584
277392576
277392574
277392570
277392562
277392552
277392550
277392540
277392536
277392524
277392520
277392508
277392488
277392472
277392468
277392460
277392452
277392442
277392440
277392432
277392422
277392418
277341368
277341365
277138657
276294710
275203791
271165290
270787669
262692319
253058458
198578818
197966852
189603310
189601697
181976418
163477094
277393056
277392578
277392572
277392542
277392538
277392526
277392514
277392502
277392496
277392484
277392482
277392430
277354975
277017658
271321894
270981284
270442233
270081138
262687697
141809691