277420881
277395387
277381902
277361914
277164021
276762206
276750334
276610317
276396477
276286332
275962491
275927640
273202457
272367381
271729831
248930292
242424688
194104230
187843291
186290824
186290796
186286177
170352434
167972598
160370181
160370177
157432540
153518828
121185868
113500861
104935828
104611536
77105707
76388962
63924629
58063000
54614797
16440471
3954355
970417
277520857
277164026
276734650
276568787
276504681
273961038
273921639
273314953
273283640
273219883
272582670
272430555
272111582
262663942
253400480
214199407
213911368
198208147
195801670
192124406
186290802
186290791
186286190
186286174
186286166
181699664
171549946
162844699
160371993
120509490
92504870
76833705
69764547
66952514
66751621
37794464
19274684
14643409
980770
541315
277477195
277228151
277164025
276860831
276824664
276640792
276594919
276552300
276258067
275060631
273328577
273220374
272518311
272454779
272226133
263980368
253362659
243090397
242725109
197692125
195545270
194104219
187827448
187824773
186290826
186290806
186290790
176909238
176550203
145977548
100347907
87226756
82936156
76012201
59200604
50751279
34159110
3048355
1576151
464132
427538
400413
276640799
276471613
276241716
275892524
275592453
273621274
273597918
272367373
272353244
259310938
249289120
208778537
205807369
194959695
186290792
186286168
185024834
184297689
174444163
167461993
155796419
137449198
137249919
104558238
96389770
84454865
77105806
68580165
55582234
41556498
35043472
24744424
15637245
1403383
581805
578859
569752
524796
469893
390304
277301110
276559312
276482078
276159039
275903871
275895624
275158799
273842945
273569630
273476655
272431194
272367375
272111994
271950435
271528825
270302286
262695606
253376573
202153823
201580271
197344442
195655820
186575539
186290795
186286182
184226848
170326277
164336681
160553110
133774693
117254517
98128554
91499332
88917417
70016690
12574279
7837699
2363053
546041
480687
277305825
276559520
276546962
276163570
275946540
275665195
275358564
275275830
275274568
275033288
273297248
273043902
270977371
270718446
270715120
252131250
220666221
205986074
203701756
192125802
187952596
186286169
180736956
167520426
165627356
137414849
137130000
125243967
87106072
74012443
57712546
57047798
49464557
36995860
4476285
970230
844782
555992
273597906
273294643
273283632
273165486
272571566
272349477
272187694
271303195
270502382
251257538
249802025
249771920
247566078
213488464
203093933
198296397
196515656
195856406
186286172
179550691
170298044
160553036
160552970
51653680
37368606
519905
478457
382078
345199
277252330
276847714
276841084
276674228
276525909
275748859
274055714
273908935
273407953
272571720
272322432
272112013
271529524
271529523
261969108
214611383
204803613
197901337
195662803
192950978
192950518
156224981
105376031
99461651
96034351
48629922
38235263
25742844
20977321
11375859
8291028
2069395
1519261
626883
610564
468374
457673
440301
438090
374446
276754917
276661324
276557272
276510727
276401009
275702186
275586544
274930269
274193076
273847643
273759396
273287457
272597203
271320337
262852415
262783989
215040231
207336546
192862926
186634833
166084266
157412117
154181670
138669921
137260150
137131051
106349001
70821073
36854833
25741072
19349133
13853125
11475525
6756525
1734381
1366427
597541
572956
550668
403040
276959800
276661519
275218106
274174929
274174909
274174907
274174904
273716588
273594277
273516693
273253257
137569842
136595867
127032509
116142264
96390048
54512900
52232683
22366924
7361905
809883
627740
605250
595804
559466
548219
486206
479762
277582322
277552976
277362021
276682978
276661299
275300188
275272453
274354511
273357023
273347197
261949692
249534133
248817536
243088166
208587399
205807423
201355036
201032340
197920275
168900733
160553030
160552992
147500226
147500223
125400725
120183887
113526685
95866216
89764009
76012205
55605172
49464561
19963125
4257507
689204
527316
485261
472678
438184
436162
277362130
276482079
276420555
276239762
275216736
274987883
274930268
273662672
273454621
273325919
271199887
270502752
263389174
253182340
251998387
242715475
197464970
195961267
193528967
192124403
186267241
173137640
165021279
160552927
156199701
137250831
102460830
89773694
77121586
73508146
57219194
54671912
37119357
4059679
597357
585218
545878
487468
451293
438198
277483608
277483564
276650128
276264454
276037055
273953503
273407942
273257613
271528839
271518325
267259891
251984750
251277718
221701836
209124314
199020704
178228762
160553062
158868128
153590647
145499871
104557763
95250468
137569791
137453764
111285059
106756670
101089459
77665325
72751107
58695345
55658373
36710153
28285291
11375582
4476293
4183333
3638033
833420
549083
540301
496027
426867
322262
277362168
276661097
275896474
275896391
273636559
273417503
272396813
272321340
270321332
254117311
253468324
252166397
247289799
242424685
216139411
213873069
210275634
202717215
195287312
192975134
189557804
176768343
171586296
159779840
138674987
125653161
84254126
53869713
47273269
34479956
7851735
3213077
2667177
2462927
837734
637311
549084
523781
446729
390422
277362194
276859500
276670741
276412229
276107290
276059476
274810666
274106226
273971774
273868598
273789498
273595863
273165488
272227096
271822188
270460526
270141538
263580699
253129509
251514786
251441508
251384733
247291207
217574642
193736670
172949889
170326203
170298045
169887045
137941347
137453484
137444882
127032386
53980272
25740149
24403829
2802007
564170
528904
497042
277470094
276640793
276471608
276019283
275956220
275863020
273851196
273733183
273414124
271725643
270490881
253361608
203093931
192124409
188189803
184476319
176779762
167600201
152375119
25739243
12574283
11713956
4059693
3020377
2802003
757372
654537
605674
527318
503075
470608
444350
391264
277441649
277362200
277347475
276641392
276640798
276307704
276286310
275433655
274122054
274025108
273283642
273283633
272366840
272138835
271781614
271199908
270711650
262055653
249260433
241821092
214080802
206781739
204902599
198424758
194959722
190251937
178769514
177312707
160553106
160552994
160552934
89764552
82041444
74822359
2711755
826457
574647
474068
400409
390295
276827610
276559315
276224125
275946530
275300052
275274550
275101816
274810665
273868016
273407891
273356955
272979034
272832236
272555388
271781626
271734239
271191611
269895913
259542135
249961568
225938276
212993252
212213045
207903245
200630928
197745245
191632872
147097652
137694327
137185073
137129885
127033222
127032810
77663506
76012191
38503319
6543939
3953575
645661
444725
277418303
276661207
276412129
276370571
275896508
274005568
273503014
273352909
272234917
270747600
269946868
250020176
214580316
204665316
203945321
202640704
198495055
197628200
190141849
173599841
171625573
168303308
160814646
160553119
160553074
160552989
272964319
271742120
270879183
270301450
263558377
260554498
249347291
249306421
242725097
198379998
198335043
195967984
193450574
191655960
187960065
171782434
160553078
160553042
159259322
147931869
104558060
102121309
93950532
83608425
54407639
54107977
25739664
4104465
972820
696269
625185
425910
385282
277043036
277019897
276976642
276661334
276525945
276504657
275149249
275033046
274122117
273083882
272571572
272429799
271781610
271245596
262875350
262792647
262457803
253381083
251577067
243086211
217440624
208258144
193209845
179085819
163024967
161903423
153867454
137451309
125086400
105739649
97819419
95249899
53976142
48541742
6756521
3157551
1565665
485247
460221
428910
277396346
276679201
276493090
273720020
273645229
273621280
273417182
273350090
273294854
273233548
272321537
271956751
262687036
259310815
253468343
253285210
193209824
192950473
190109640
184939381
183513672
160553154
160553084
137444876
111005495
107798533
105739940
105739660
76216792
66464342
57219184
41160274
21487314
4365329
4336413
3241173
1986173
1582085
924311
398526
277316217
276583971
276178256
275315298
274946589
274146266
273938852
215727532
214618799
205808205
205030782
200673147
197217575
196153035
184235691
177274843
158744118
137432644
125741526
107366394
105739813
77942871
72206712
49564211
34747471
13415203
10857704
714076
713711
485256
350300
276065494
275199864
274827363
274364125
273601643
273464054
273242352
273183921
272558806
272382688
271041006
270745075
269973434
259310844
252948434
252136920
251100409
217751015
215727530
206335165
202498559
198194504
194205609
190233151
154240621
146275534
136482448
125412640
76527940
38108502
11637227
10693499
1406933
1191817
602573
559140
540383
477031
474246
438094
277139132
276750292
276734925
276616509
276243775
275929719
275896458
275531840
274372522
273868608
273795796
272205416
271423511
270745012
270122634
260986505
252795778
248643187
216215453
215739317
202033135
201703264
187956461
186265472
181973300
177185444
171821025
171438776
170094961
160186495
102431118
77942763
73812807
53833220
37296780
7608276
1734383
612902
423236
390425
277431039
276886520
275903858
275896522
275200167
274880626
274033383
273238998
272558762
272412142
272365799
272358161
271518329
271253941
270982364
263990858
48035315
23087379
10693278
5995401
1535127
596318
576180
485259
485249
479004
420153
403910
361005
276159623
275504607
274094211
274032553
273672259
273246375
272353547
272236447
272209193
272192195
270898233
270711481
270302181
263558365
263369984
253366273
247931441
215985797
215141304
204806055
203214701
198585555
195213848
192721381
191643091
181452241
179231911
171580654
161903425
160553068
137582786
135456891
121185869
105375441
100023518
77942717
72635023
555086
471351
417334
277483569
276383161
276382154
276235842
275694132
274960985
273943777
273707141
272429690
270467642
254859323
252031502
249306418
247661211
194121197
193154093
185809888
157482436
98300955
94259230
84866533
84454867
82936137
58708769
45347640
41503130
31205931
11259247
8155362
8014490
7833003
3658757
1667153
1528239
1044672
597399
576379
575942
574856
425284
277362314
277172517
276510415
276489910
276191279
275896446
275526745
275485905
274360634
273645237
273551395
273354434
273309086
273053404
272848689
272583372
271041051
270745317
270702062
262605361
262394423
257646236
253471972
207745181
206648539
194451535
192875156
316190
277264039
276661257
276533514
276237059
276235827
275967017
275894668
275586539
274826993
274040886
273519178
273387185
271518304
270744231
270321764
270256888
263560342
259310848
249889724
242893085
217387229
215118586
209902453
205029707
190231469
177752973
169375347
164253796
103796397
84837784
57705030
14524142
4939485
1577273
638642
597393
553828
446437
400406
340101
277264037
276666326
276613231
276502430
276113948
275825826
274040876
273770689
273313544
273244153
273244127
273185569
271781611
270959055
263580718
263514672
253253729
251585268
248293333
243808004
217387182
205280823
202961483
188492927
177340181
177280191
143144337
128711484
113526561
97551174
84866504
84132570
58614140
34957245
19408913
7375177
4257509
523496
417771
346655
277172728
276661545
276333952
276227491
275929129
274122173
273991427
273943775
273534646
272811057
272155750
270716997
270507915
270100806
263053843
262800033
253468319
252648399
248703298
195649408
187746403
186290787
178512301
148802196
139538911
89316127
84866559
84859514
77942841
49464563
25741611
14791166
1353621
1065620
1038700
885336
861364
400403
352340