277327588
276675499
276289434
275153551
274943997
273683909
260811371
260811353
260811306
225269678
202242048
194197858
192173870
186881230
185243203
185232569
185232567
185232565
185226879
185226875
173418787
163544552
151998250
151597558
151597556
151597435
151597239
115869787
108710524
108710360
108710265
108710197
106225742
106225670
106225662
50246190
29354997
22880036
22878278
22878255
276929456
276508897
274498020
274419145
273684001
263500014
225269681
204056037
192173848
185226882
185226877
185191998
171212920
170772575
170772542
170772537
169604070
169517417
169268875
168774214
168773691
168712398
163544639
163544457
151612100
151597540
151597225
115869800
108710328
108710274
108710266
108710251
106225650
106215654
106208666
58710498
44605368
22881835
22528699
11212826
276429414
270766504
248994298
199952072
198613680
193109327
186881226
173831572
173831571
171221946
171212943
171151610
171151585
171151574
170772573
169703076
169703074
169604074
169603497
169276513
169276502
169268846
169268833
168712376
163544631
163544510
151597210
151597201
151597172
115869785
106362987
106360982
106225722
106225674
58711468
58710152
55681127
25980689
25002261
23437976
276566342
275890410
274961693
274743032
274419130
274419124
272303127
263206842
263102383
198925144
196488221
185226873
173831569
171808011
171212915
169778492
169603987
169603492
169517385
169277483
168962891
168712446
168712400
168712396
168712368
168667056
151597194
108710192
106363019
106225654
106208422
58711428
58711398
58711181
58705814
34752835
22955928
22955797
22955725
22955683
275005673
274953078
274743100
274674900
270766857
209171512
198787062
171833995
171213023
171212939
171151612
171151525
171069090
171063746
169778468
169714926
169714925
168793902
168774263
168774200
272303089
263591822
263100129
260811319
204056068
192173756
171807631
171289134
170851818
170828268
169778532
169517401
168962889
168712503
168712402
163544611
163544540
163544466
163543389
152705211
151597178
122521776
106363302
106215653
106208410
77965641
58903340
58710808
58710538
58710481
39359971
32222729
25205851
24166153
22878507
2131695
643115
277369467
276684968
274953119
274677585
270053233
270053196
270053066
270052884
204056013
204055788
202730715
198787061
196488215
191779456
171151570
171063708
171022120
171022118
169778530
169747904
169714923
169603988
163544583
163544529
163544433
152705206
106360941
71967609
58710878
58710786
54423084
51618208
51519016
49961296
44860262
39360000
25201902
23438397
2210751
2210747
274742948
274675612
274561588
270797315
270766845
270519727
249611033
237636073
209171517
208634876
204056025
193976709
193107278
192173772
174002925
173831577
171312367
171212961
171212930
171151598
171151549
170774033
170772591
170772546
169778478
169768869
169276505
168774234
168712390
164323279
151597205
106360990
67041404
39359920
32222478
31516230
23436894
22878280
2210743
643295
274674358
274673213
271542285
263100988
252540013
202242034
198692717
192989127
192951487
192951386
192174032
189492501
183111554
176714867
171312303
171212919
171093196
169276506
168712436
163529467
147575801
115869798
115247079
97815196
67242080
58710675
58710213
55287193
55287053
55286362
31516351
25205824
22955741
22881933
277363159
276566382
276566363
274677823
274675430
274468782
263388483
263388460
252851221
252540019
252540015
202242050
198735801
187746474
185232573
171705270
171705254
171312285
171212947
171151523
171045895
169703091
163544605
156199730
151597562
151597256
151597180
106361008
106360160
106215673
101871012
69838648
58840001
58710948
58705925
50724172
49641675
29354743
22873879
13959334
275005687
274673159
270053088
262674115
261840856
260811341
260811331
252540023
204055860
202730695
196579654
185189924
171289143
171063713
171063688
170772563
169768867
169703095
168774220
168773494
168712404
168712370
163544528
163543409
106360966
68124454
58711508
58710716
58705931
54513364
51612127
49961404
37152072
35446258
29355147
29354877
25980650
22966652
2210739
325834
277363173
276809218
274678070
274673167
274673165
271433746
270797323
269905378
260811369
260811303
252540021
252540017
202961910
198591334
192951368
191779993
171312406
169778522
169768859
169714921
169268864
169268826
163544623
163543416
151950728
151597233
106363101
68668612
58705892
44860453
37152040
22956108
22955008
22876737
2131705
643292
513704
276809556
276675497
276566375
276016788
274677679
274673617
271542207
270174455
270173416
270052945
270052874
270052858
263101042
235539037
205220436
204056066
204055901
195994036
192989204
171212977
171212927
169517413
168773536
163544587
151612096
122521946
120471937
106225658
94259793
84873631
58839991
55288411
55288066
49961253
49641446
42838982
41375058
40723440
22859233
519108
276684919
276656842
276429322
276149646
275941789
274677038
274674892
271100492
270253723
270250655
270053198
263455749
263101436
263021107
204056087
193128852
191780503
191779674
171592456
171063717
169280411
168565057
163544453
106361003
106360964
106225702
97815358
72314608
58711026
58705894
49961072
49641297
48755907
29356478
25729908
25205256
25205231
25002245
24594654
22955320
276929506
276611430
276598591
276566348
276429444
276149442
276026475
274674647
274468105
270134894
263209084
208634870
191779363
191779221
178011752
171808030
171312352
171212923
171151599
171151556
171045903
170828181
168984596
168712378
168565009
162399380
151597243
151597234
111109082
107412164
106360939
100285651
74036135
71666839
58710681
58710156
55285802
43981784
42470344
25202319
25201703
276809290
276027130
275941999
275005705
274742973
274675001
274674164
274672995
271100466
270253721
270052826
263103207
263078546
263041201
260811364
195573717
192988762
191778971
171705339
171312339
171093197
171063767
169379577
169280395
169268868
169268836
163544459
163543413
160796519
115967862
114436593
110205154
94259905
71507047
69838742
66959937
58711374
58710720
26148962
643357
277369449
276929602
276809412
276429456
276429396
276429332
274674848
271441790
270052812
260811344
214242728
208634892
202242054
198957176
198692742
198335553
197337865
193555875
193101477
192988740
191779311
191621090
176814039
169778538
169714931
169280389
169280357
169276504
169268851
168920064
168666474
151597457
151597219
106360998
83764952
66973929
66968556
55285537
49379144
22871374
276684956
276400870
275005454
274992077
274677325
274673231
274673133
271291354
270766841
270253717
270134927
198455777
191424822
176713752
171312327
171212949
171151543
170828200
168712374
114885774
106225697
103474998
86418300
84413676
80771424
78553668
65894030
58711290
58710620
51617027
44605395
26148985
13944771
2137835
511477
276656800
276566352
276558093
276429460
275157275
275157230
271231441
270670967
208097134
208097132
207811708
197657580
197652440
193640505
192173836
192173810
186881228
171289206
171221916
171063715
171063667
171045936
169703070
169280409
169268840
168712491
168712434
163544627
106360945
84301485
76152856
66608058
66231190
56377972
50247607
32222499
25002100
23436986
13959326
643293
276429316
276149644
276048592
274742903
274676731
274675594
274673867
271324509
270053062
262852758
208271126
204055858
198735805
193109323
193109286
193102006
193101533
192988831
192173665
191780586
191780482
191780439
171063685
169517379
168984617
168712388
163544517
163021376
151950743
116567197
115695021
58839787
58710896
58710514
55809805
39359883
36316220
512283
510358
367871
276809336
276478541
275157191
274675261
274673890
274673188
274673163
270053221
270053096
263388473
263099018
253391345
199112637
192989111
192173854
191779370
192908912
192908910
191779297
115968089
84873704
82938691
71683158
66747565
58710838
55681092
55289017
55286930
48983921
41375032
39359885
36316272
25980632
22955380
277180787
277180697
277180511
276684950
276684933
274676634
274673155
271441848
271100470
271100454
271100440
270797319
270766843
270053276
262674152
193102161
193101984
193101758
193101744
193101549
192988857
192988637
192173856
191780141
191779779
178832013
117375086
117375084
117071330
116878115
116567040
114436692
97815362
92503669
77965626
72050798
58710612
51120675
42470352
23437679
276809620
276675491
276656999
276429402
276429340
276429338
276429326
276104124
275941767
275089937
271231460
203843937
202242031
199705509
199705507
198591324
197657558
197652458
197652356
193128808
173943675
171063662
169280385
168920050
168565065
168565061
168565016
163544599
163544479
162025811
151597552
151597199
108710216
106363053
106215664
58839838
58705795
58705741
34752293
643382
277345253
276656974
276429390
275268255
260811359
205220428
199952073
198957186
198335534
193101766
171808028
171705350
171705306
171063745
171063700
169543416
169280375
169280372
168920058
168919367
168774224
168773530
511006
277180785
276929606
276929480
276809742
276684970
276656848
276656796
276566369
276566367
276566365
276149448
275941883
275941839
275941751
275941739
274807454
274807421
274678042
274677050
270541891
192988833
192988572
174182884
171592133
97815213
92503680
91545483
63672400
55288161
55285156
54513431
44605286
43981749
42838980
35859728
26148744
25204686
549174
549158
510377
277344596
275153470
274952408
274742930
274676728
274675900
274675854
274673176
274673143
263103085
260811354
258215844
212960315
212110288
202242042
198335587
198335581
198335561
197657588
197652400
197652378
192586862
190695413
183930344
171063723
171063665
169546308
169517387
169280355
169268856
168774205
168565036
106363033
106363027
106208662
91833121
71683194
68984765
58711332
48984049
275941701
275157247
274952700
271231458
270053024
263101602
260811363
249535361
204055876
203843948
202242040
199942007
198925155
198335531
197657566
193109331
186881224
185232575
173449512
171807627
171312400
171212987
171063684
170772548
169814028
169778528
169517395
169280415
168774240
168565059
168565039
168565024
163544447
163543402
163021372
114436651
106363009
106360968
102758229
32222216
25204938
25202265
276962737
276656790
276566357
276429398
276223966
275941741
275890544
275005526
274676779
274674372
263206730
263102419
195994113
195472300
193109355
193102109
193102033
193101998
193101880
193101511
191780786
191779029
171592764
121678447
115695113
98129833
97815770
82388903
76152812
70202819
58710892
55289105
53806101
49379321
49181654
31516303
29355032
25980602
25205033
22853605
277363151
277180519
277180501
276809716
276809222
276657040
276656958
274676879
274676164
274675113
274674398
274673831
274673385
271542269
271291351
270743135
270053054
263101427
253870115
246773037
192988465
192951438
192951372
192174022
191779498
191779361
164323281
117374958
115694901
113431046
55285023
54775008
49378806
42838975
32222812
32221904
29355227
23438637
22853970
550690
276656911
276429412
276429386
276429352
276429342
275941975
274466918
271231462
263100022
204056077
204055818
200010745
197652408
197652398
192989047
192908993
191621074
172066131
171151562
170828250
169778494
169517399
168666481
116159442
110204843
106225736
97815621
95202717
86418302
82387407
71683179
70805326
69838639
62877639
58839847
55422827
55286139
276527791
275941771
275005713
274943999
274677473
274676073
274675966
274675596
274674734
274674408
274673195
270173425
262699515
212110286
208403410
204302142
203945398
193102016
176714909
171592452
171592210
114573562
82387815
80960301
74678224
70805277
64454297
58711436
58711414
55284995
51519046
50490834
49641396
49182457
32222649
31516166
25201389
25002352
277363035
277180551
277180513
277180507
277180499
276831331
276809352
276684762
276684732
276566338
276344707
276288255
275941819
275941747
274675231
274674812
270173421
229809433
217577490
196488232
193109363
193101825
192951255
192951223
191779508
117375041
117375009
117375007
116567371
115694944
115694854
97815356
72314632
72314588
58711472
58710700
55286937
34753726
31516373
25002216
277345266
276809454
276675507
237630441
202242036
199952068
199916577
198925137
198335575
197657594
192174034
171808004
171807633
171289182
171212985
171151588
170828293
170828183
169814006
169604065
169280393
169280353
169268872
168920056
168920048
168712456
168565014
163544516
163544492
163544477
163544461
163544427
110205228
106363099
106363081
106360140
106225671
82387600
54423093
25002340