277486471
276724405
276682971
276682950
276434772
276434750
276434735
276432945
276432465
276432146
276431332
276431227
276431134
276431046
276430822
276430690
276430583
276430552
276430512
276430483
276400043
276327623
274095006
274094051
274093627
273866724
273836480
273644170
212597849
195544765
195536592
195536492
195528072
195527738
195527555
195478234
195478056
193614514
174301838
48101318
277487284
277486515
277485301
277485025
277484998
277484926
276840138
276840085
276827863
276827844
276821755
276821520
276595460
276434913
276434700
276432838
276432732
276432040
276431758
276430902
276430842
276430746
276430734
276430706
276327636
208314704
195559327
195544583
195544399
195544141
195543664
195536315
195531547
195531142
195530922
195529230
195528821
195527945
195448577
2612871
277487333
277487301
277486881
277486864
277486856
277486802
277486741
277486699
277486689
277486675
277486653
277486568
277486531
277486507
277486490
277485445
195542714
195536672
195528378
195527223
195526940
48101276
195479169