276632111
276628514
276627963
275419124
275419092
275419071
275418957
217181860
217181307
214732534
193890183
190691778
149935944
115968777
112531758
105343287
105290630
100285735
99139373
90588611
83614073
83398608
83398452
73686038
55834436
55003255
52789011
27725677
25403172
21845984
21730600
21728239
20912708
14707720
12081623
1544265
1544263
1080014
1080012
1080008
276632142
276632131
276632129
276632127
276632120
276628350
276628267
276628258
276628245
276628225
276627909
276627851
276627832
276627821
276627816
275418948
275418883
275418878
275418870
254147949
217181441
183370760
105343337
100286097
83398472
57761348
55003975
36971740
25069789
22286993
13556524
6885707
1544269
1544257
472830