253071199
252591754
242076145
191478132
174299927
173799877
173717267
173717153
173717120
169615069
169576255
169572602
161023656
130390636
130390308
119102575
114386063
114228620
95250393
86866101
83857110
70625119
68169443
60783687
60777425
60707053
59581189
59286400
59262646
59262642
59262638
58165565
58165559
43775517
43775515
43775511
40774181
11809437
7978778
974400
275822543
274055939
270504964
253069008
221701855
217895102
198297411
177706691
173717177
173716995
173664889
173660338
169578609
136482531
130394486
95250701
75835842
75835768
74625205
71040214
68169449
68169447
60780365
59286396
57705036
45255512
43979246
43775523
43775519
41369853
40773260
27863426
26832740
26598906
25249479
14378804
11809459
11228290
573955
505831
275822558
274351762
273732152
273550076
273540586
270744899
270712282
263208252
253632085
253059134
252973588
250230567
249220224
174294378
173799605
173718822
173717371
173701000
173661166
173660578
173660389
130751398
130397998
95250217
92551904
75835788
74953481
70625316
70625191
68169439
60700792
60693347
59588051
41127384
41072744
41072301
17049680
14378808
1563589
468256