277578730
277437610
276645035
276406318
276296886
276274570
276274554
276104469
275694809
275694360
272469355
272306895
209594242
208402819
174302290
154184687
106395090
106185479
99087338
89492772
73338395
58906298
54880632
54876911
54799608
54582285
51599252
48895784
34768491
31517260
20817947
16856958
953887
745390
745287
473273
473272
473271
473258
466335
276025168
276006105
273646876
273401368
270718962
253238974
209587293
209586004
186358695
174309315
174306259
174302588
171169648
163148647
116982354
113792777
113431173
106381854
106375808
103475314
89492816
88826247
88826219
80960446
55023341
54137886
53242594
51598770
50217087
48010400
42838997
39333208
20817841
19739095
3324337
473268
473254
466336
466328
466325
263266479
248869762
59155474
54580686
51600043
51599338
48010668
48010666