276128115
275007191
274878559
274876016
274856005
274855933
272938772
270820376
270233580
270182506
263389194
263208240
254113605
253057875
248790601
212260849
202179736
199038430
195283649
192949269
185909438
178831523
178831519
88000564
70851279
63924630
63924623
53559559
51064398
46837060
46332520
32753216
4642785
3078021
2697009
2697007
2696999
646405
506378
468060
277344853
276976238
276456358
276319878
276128250
275024586
274945469
274856167
274853171
274847883
274005125
273977299
273529436
273249679
273249481
273246142
270703491
263369972
254113577
253665868
253071337
251585413
217535311
212213037
202008004
185909456
173617456
169400525
127031629
61997519
58936394
52413628
51267038
40752448
24593572
7378481
530129
507181
506853
396653
276245561
276147574
276121597
276098373
274372459
273646497
273249229
272834126
272830079
271798483
271659346
271659344
270770587
270725687
270703452
270519628
270182528
270129203
255630328
255349760
253629253
253293590
249387934
207280861
204416921
195301450
167615407
138183015
46107054
32053068
27731406
22648656
4071161
3157653
507184
500719
479980
445697
443774
401728
254092820
253628808
253059894
253058316
253057648
253056944
241022084
223944753
223942137
212323775
205121845
198889504
195840889
195302762
180922784
180848013
175087379
167614013
127692147
50490723
50481474
50481468
26666094
20824157
20270851
10576704
10209766
6472525
275340868
273928096
271996020
271337725
270770616
167614072
92552206
69026016
50322681
7866389
527599
274933675
273927541
273249811
270546611
270228867
263563222
262734051
262687775
262636257
255605412
255427279
255368862
254086207
254080297
253666391
253666046
253621915
253070015
253058935
252079694
252079550
200727214
195302863
180874890
137133585
127032905
127032043
92552172
21610396
20463829
2386467
1709271
543287
506335
276659988
276129481
276065468
275603741
275329648
273927546
273927523
273406071
272938730
271423239
267342745
261957928
257835547
254089195
254086194
254078389
253005213
252870740
206206021
205040349
204437467
195840893
195840850
92551981
77154515
65588311
46623438
35445506
32100388
10077495