277348391
277165837
277042956
277012696
277012663
276919945
276919823
276841088
276390034
276280390
274919181
273713282
272883215
262461136
251984846
213571970
200852586
195545383
195545261
181924937
162007961
125786413
77745187
77745099
77122329
58493543
54782019
54635814
24348209
23609965
23085197
12600503
10751981
7778475
7496289
4977817
4059695
4059691
3802147
1322983
277553010
277421199
276594016
276349330
276003438
275347447
274945488
274882981
273958538
273744746
273532068
273268535
272916315
272914803
272353242
271411075
270467728
253686565
251419073
214916544
202604265
183556499
179988610
179141955
175724215
172936858
170780779
92551321
84108559
76688191
74935065
58579799
36061939
27978660
22411107
7496293
4059685
4059681
574736
528061
277420877
277372906
276437747
276291561
276038053
276005057
275239600
274246275
274101970
273818927
273634283
272028717
270975656
270486763
269961490
207299225
199739992
197157521
195545335
195545316
188550145
187813273
178220017
177532150
176891201
172658694
169312513
128711683
127299134
119073227
95994445
95886429
29829364
10857706
7151051
4059687
4059683
2067407
888213
689536
277578486
277578184
277578121
277578056
277012519
275863921
275147424
274845494
274844799
274028678
273716706
273699372
272155683
257859529
253397729
249795459
248745934
248633082
239426961
222662852
221782491
221781386
214599322
204847984
202769881
193922411
191628740
184496477
184496146
125511981
106362352
83970207
77220987
13383503
8297802
3979919
1670613
1533437
735213
720020
276405748
275883529
275545705
273817371
273662837
273348619
272353773
270147269
262392476
253264588
247405859
216335407
215390191
213861824
207997400
205684532
205617693
202388254
201703675
199941381
195667016
195545314
193012906
192987794
191585065
189639393
178228756
177923661
177923623
177340196
137569795
127032406
127031888
97217685
92764088
92004162
91560714
53980158
20013870
9735473
277184176
277183995
277183874
276936780
276936575
276936478
276936449
276936435
276936400
276936359
276936319
276936286
276936271
276936229
276936161
276936111
276936106
276936079
276936047
276936041
276935949
276935866
276935859
276935801
276935749
276935745
276935743
276935739
276935701
276935678
277184168
277181796
277181785
276943015
276942987
276942957
276942687
276942657
276942643
276942638
276942603
276942538
276942513
276942404
276942374
276942287
276942228
276942205
276942141
276942119
276942100
276942090
276942079
276942074
276942073
276942033
276942010
276941954
276941945
276941943
276941911
276941840
276941791
276941719
276941706
276941699
276941670
276941659
276936377
204049638
277181787
276943101
276943063
276943027
276942983
276942909
276942787
276942769
276942737
276942723
276942663
276942537
276942490
276942389
276942313
276942299
276942238
276942221
276942067
276942060
276941972
276941959
276941924
276941744
276941690
276936789
276936761
276936627
276936531
276936477
276936440
276936438
276936241
276936147
276936049
276935913
276935851
276935849
276935799
276935721
277184122
277183916
277183904
277183586
277183518
277183488
277183480
277183370
277183074
277183036
277182944
277182781
277182741
276935693
273928230
273822874
257786879
205729258
205691048
205509479
183484096
177163761
66878410
277184200
277184130
277183406
277183177
277182931
277182797
277182265
277182264
277181908
276943079
276943041
276943012
276942997
276942823
276942784
276942733
276942615
276942592
276942554
276942483
276942391
276942330
276942125
276942113
276941983
276941975
276941949
276941875
276941828
276941778
276941761
276941713
276941711
276941679
273894450
263106943
215746695
200763006
176779764
36565130
277184055
277184031
277184008
277183885
277183444
277183348
277183262
277183170
277183159
277182908
277182886
277182649
277182607
277182598
277182519
277181537
277181503
277181362
276943069
276943059
276942916
276942886
276942868
276942841
276942832
276942826
276942821
276942670
276942428
276942414
276942357
276942323
276942071
276942057
276942019
276941995
276941872
276936357
276935710
248654753
277184028
277183902
277183558
277183372
277183368
277183252
277183212
277183180
277183152
277182805
277182733
277182617
277182611
277182403
277182341
277182309
277181970
277181945
277181635
277181605
276936833
276936817
276936737
276936645
276936637
276936619
276936586
276936545
276936365
276936284
277577025
277576916
277576856
277576814
277576800
277576517
277576466
277576419
277576407
277576397
277576389
277576358
277576319
277576317
277576251
277576212
277576123
277576022
276941635
276941611
276941555
276941547
276941539
276941529
276941509
276941507
276941494
276941482
276941472
276941464
277577924
277577900
277577858
277577836
277577760
277577612
277577610
277577602
277577550
277577488
277577331
277577302
277577237
277577210
277577193
277577156
277576993
277576922
277576906
277576852
277576849
277576689
277576592
277576507
277576445
277576423
277576411
277576375
277576355
277576343
277576229
277576192
277576165
277576053
277575941
277575923
277575892
277575891
277575877
277575853
277577606
277577568
277577560
277577512
277577470
277577455
277577420
277577346
277577283
277577276
277577239
277577144
277577029
277577020
277577008
277576845
277576839
277576809
277576787
277576765
277576668
277576646
277576575
277576572
277576560
277576417
277576341
277576335
277576269
277576260
277576177
277576176
277576167
277576100
277576073
277576049
277576044
277575942
277575932
277575884
277578504
277578485
277578480
277578459
277578456
277578454
277578453
277578442
277578429
277578413
276923740
276923726
276923696
194525875
191915522
276940931
276940845
276940766
276940516
276940436
276935351
276935165
276935099
276935093
276934955
276934883
276934881
276934835
276934829
276934739
276934625
276934615
276934497
276934420
276934387
276934371
276934334
276934319
276934303
276934212
276924484
276924386
276924370
276924355
276924353
276924352
276924100
276924009
276923965
276923889
276923804
276923782
276923658
201877226
200815436
276940988
276940879
276940871
276940753
276940738
276940730
276940708
276940693
276940646
276940503
276940458
276935366
276935329
276935327
276935263
276935251
276935117
276934945
276934846
276934783
276934610
276934571
276934417
276924490
276924474
276924448
276924381
276924346
276924151
276924080
276923943
276923866
276923856
276923751
276923744
276923740
276923726
276923696
194525875
191915522
276940931
276940845
276940766
276940742
276940516
276940436
276935351
276935165
276935099
276935093
276934955
276934883
276934881
276934835
276934829
276934739
276934637
276934625
276934615
276934497
276934420
276934387
276934371
276934361
276934319
276934303
276934212
276924484
276924386
276924370
276924353
276924352
276924100
276924009
276923965
277181699
277181594
277181569
277181435
276942937
276942919
276942913
276942793
276942697
276942650
276942514
276942481
276942387
276942343
276942341
276942255
276942040
276941993
276941913
276941803
276941792
276936846
276936643
276936598
276936457
276936447
276936399
276936043
276936033
276935754
277184068
277184036
277184019
277183930
277183858
277183525
277183416
277183408
277183316
277183277
277183246
277183173
277183068
277183028
277182808
277182708
277182683
277182626
277182535
277182499
277182496
277182053
277182026
277181922
277181895
277181758
277181631
276936719
276936549
276936425
276936375
276936322
276936219
276936195
276936141
276935951
276935794
276935672
115254534
71957069
277184194
277183979
277183833
277183698
277183662
277183428
277182940
277182628
277181892
277181775
277181527
277181495
276943075
276942977
276942930
276942881
276942825
276942689
276942644
276942585
276942403
276942242
276942021
276942005
276941782
276941712
276936839
276936665
276936555
276936532
276936351
276936313
276936223
276935989
276935943
276935874
276935841
276935770
276935768
66667333
277184184
277181802
276943105
276942995
276942971
276942941
276942923
276942850
276942805
276942797
277182064
277182044
277181713
277181584
277181558
277181543
277181499
277181430
277181397
277184106
277183648
277183636
277181911
277181893
277181767
276942993
276942882
276942781
276942487
276942327
276942316
276942229
276942200
276942142
276942029
276936810
276936801
276936786
276936773
276936765
276936677
276936607
276936509
276936467
276936406
276936373
276936290
276936279
276936231
276936116
276936114
276935981
276935950
276935932
276935897
276935878
276935857
276935713
251942847
277184218
277183870
277183454
277183350
277183272
277181964
277181954
277181541
277181382
276943095
276943065
276943049
276942873
276942597
276942476
276942325
276942213
276942039
276942036
276936796
276936725
276936625
276936579
276936382
276936345
276936259
276936253
276936193
276936157
276936039
276936029
276935998
276935925
276935824
276935819
276935791
276935775
276935769
276935763
271479312
277184048
277183946
277183859
277183613
277183551
277183529
277183522
277183496
277183494
277183490
277183384
277183310
277183042
277183032
277182998
277182913
277182837
277182779
277182735
277182623
277182555
277182521
277182405
277182293
277181725
277181697
277181653
277181648
277181532
277181467
277181374
277577498
277577424
277577422
277577354
277577350
277577326
277577322
277577277
277577264
277577060
277576969
277576756
277576708
277576463
277576387
277576367
277576221
277576155
277576097
277576057
277576055
277575945
277575899
277184156
277184070
277183682
277183676
273977304
273348801
271518295
253150611
210437380
207730002
205615684
202475525
201702293
200628556
177315415
165760821
97541597
277578137
277578108
277578064
277578060
277578002
277577632
277577624
277577600
277577582
277577534
277577514
277577480
277577358
277577356
277577307
277577280
277577244
277577200
277577176
277576951
277576927
277576902
277576892
277576872
277576808
277576718
277576688
277576644
277576639
277576479
277576471
277576465
277576403
277576259
277576253
277576233
277576187
277576150
277576061
276941559
277577973
277577954
277577931
277577922
277577920
277577910
277577904
277577886
277577873
277577871
277577848
277577826
277577702
277577690
277577566
277577410
277577320
277577272
277577126
277577121
277577066
277576842
277576722
277576676
277576627
277576498
277576455
277576399
277576305
277576299
277576266
277576231
277576166
277576088
277576064
277575865
277575863
277575806
277575796
276941520
277578401
277578391
277578389
277578368
277578320
277578306
277578299
277578279
277578273
277578190
277578182
277578164
277578161
277578154
277578146
277578144
277578132
277578088
277578083
277578046
277578044
277577996
277577817
277577812
277577669
277577664
277577648
277577382
277577262
277577000
277576752
277578404
277578395
277578303
277578301
277578285
277577852
277577516
277577407
277577171
277577024
276941021
276940948
276940904
276940898
276940809
276940649
276940578
276940564
276940484
276934921
276934919
276934905
276934856
276934787
276934755
276934707
276924398
276924176
276924126
276924000
276923717
276923702
276923683
276043735
273897677
273636595
272913854
272616128
212993244
194407346
276941008
276940918
276940912
276940893
276940813
276940704
276940691
276940670
276940590
276940538
276940454
276940410
276935283
276935103
276935051
276935004
276934959
276934768
276934751
276934709
276934635
276934611
276934593
276934575
276934546
276934429
276924480
276924476
276924124
276924090
276924052
276923974
276923968
276923942
276923906
276923859
276923822
276923738
276923620
181448120
276940986
276940968
276940714
276940614
276940582
276940550
276940494
276940450
276940414