277441644
277360090
276931141
276823777
276595443
276509013
276489879
276233704
276017418
275625701
273949241
273910316
273135160
272582668
272269831
261984358
247782555
244168309
210277474
209901294
206840682
200938543
198898970
196001730
194960733
177321527
176591074
82996522
76200813
73585908
65099015
56305508
51244265
44976191
32219488
7256303
2287441
1667313
997533
560011
276610629
276463046
276242071
276158302
275066023
274113614
274048902
273910934
272269829
272268605
270678426
270660533
262886908
262758595
243248416
243046551
209904933
208615263
207757292
201155782
185044605
172313389
170870069
167613491
160591669
146762388
92010637
77673512
76279862
73107475
51297350
29810878
15539397
14754511
2393619
1355395
685617
572433
540136
385268
277139061
276964669
276861982
276828588
276024214
273726937
273677550
272454789
272360938
272269837
270883270
270792626
270253550
269959184
261960462
254132213
253306334
217535512
215416575
209905807
207439063
203862744
177977960
177190716
137165015
120036547
117832625
92732216
75701790
67966489
67325081
65099027
55298778
42132977
33381987
30886492
14075308
716491
625484
342027
197744345
194960729
178779728
178585931
173998016
171585916
157203301
137946671
137559856
17456507
13332055
12107548
2287445
939093
407596
395725
277358619
274122790
273678486
273636805
273467369
272462903
270854326
270714811
270700175
270693206
270442192
262886968
257869276
252942359
251772942
249387275
213885994
209905848
208917324
208739708
201155798
195792313
181909965
173985476
171580984
167613493
166328041
155551201
144597877
101368012
101365525
77221727
75792207
73609401
36368961
13329803
1066754
553607
355609
316671
277342988
277004909
276552237
276499278
276392640
275945043
273728932
273509170
271472644
270701272
261982613
249921335
248362134
212993172
209867896
209610080
209608475
209349598
206295514
197558588
195928146
193565123
182480871
178031598
163021186
161253313
153945606
138956369
119064814
118787555
105265377
101380621
92552087
82035675
65099019
56207381
53261240
1355401
1066808
504877
277175024
276908595
276765874
276595471
276379296
276222735
276115956
274084760
273850559
273805224
273645734
273631652
272198027
270820487
270771670
270757949
270735757
270679033
262886915
250020150
249960098
249866310
209905751
209414884
167613485
160591713
137465707
134222669
92551257
87632147
74371331
73590951
60706633
36829036
430450
373944
277405976
277004933
275359320
274799346
274113559
274022773
274021118
273928983
273888563
273558511
272388550
272111591
270442430
262815646
248541304
229704530
213598783
209165782
208917332
208917300
208907009
200982905
195466074
194141265
185579679
177340202
177207778
173710556
172313352
160591643
129025909
127032513
101304273
97008616
76527956
65099017
36702159
485355
446081
362494
276608542
276174798
276164854
274138420
274067479
273554040
273497643
273466069
273363362
272396837
270912211
270184438
270138219
263084270
261814055
252211770
247412155
247275206
217829191
217828912
210156020
208907122
208779549
208779545
208648840
207317580
202011135
200984426
199547405
195801728
189536315
176478691
176095831
172313474
166340275
154441637
92010720
72639902
29686901
515575
276166244
273461897
272918139
272553099
271438987
271188579
271072009
270753766
262758599
260108312
253264436
252165813
252011890
247346457
242075226
213557139
209905858
209867835
209610775
209430406
208739189
203084308
202161210
201035220
194860858
177337079
162399301
160591685
116139637
116139037
105739943
92010284
32352173
273686972
273458038
273452396
273296756
272624362
271579127
270770221
262043768
261960448
261021712
253179494
247408152
215476467
209904531
209876537
209610779
209430490
209298419
208907040
208906993
208568690
196761397
181771553
169375311
160591653
159684399
158847041
152530425
129296524
127032005
118787218
109109505
109109493
109109484
42402318
37216442
37169720
36153647
29810872
1355393
275289838
275272596
274990111
273902664
273886612
273681577
273645919
273453747
261814050
260928563
253384520
252463834
247818687
222638932
221011286
217828829
213886001
209905972
209905815
209901764
209900558
209608498
209282063
208907107
208739118
206295512
203999155
202185721
192949360
192880206
190106326
184442622
172313324
172313319
167613987
160591678
118914771
41931647
38110764
29812139
274889025
274799555
274351361
274067307
273913654
273655432
273636759
273498757
273221776
273221664
270734876
262086234
259512480
254080624
252384661
248823429
221271419
216335284
209610740
209610244
208907073
203288338
202258975
193525418
178787352
167613434
159813714
143144238
133935456
115768357
92010790
77559967
54803927
53029163
32352485
273311093
273216281
270700202
270446524
263644251
262778826
262758593
262755253
262043820
262043770
260108299
229704268
213441045
212564386
209869052
209867774
209430306
209298934
208906652
193587852
181699600
167613508
153409143
146114619
109109471
92552182
84282997
80439225
53261260
35736535
31207418
15540864
11584974
277396631
274799440
274018327
273718104
273708879
273498831
273331821
272918151
272385613
270790398
262030765
250338475
216333757
213691965
209900854
209900523
209900506
209610640
209349790
209349778
209349565
209349387
208907030
206561167
206204998
190319034
177753719
172313374
160591689
153038783
131388251
124481388
118787598
92010732
84282551
37169674
36701412
30165534
29812119
14901370
276006835
275347217
275236784
273646431
273537491
273498843
273221548
272863888
262895925
248754758
247823552
247405501
209902434
209902420
209867969
209431080
209430296
209298931
208917725
208917570
208907191
208906539
208648802
205273776
200969842
193761314
193643154
192975598
188428444
176906792
167613482
160591711
160591680
129138576
92551883
77231175
77231055
36827338
29815383
12485635
273726896
273596356
273452332
273424398
273409913
273228952
272447138
261965305
255630286
253700758
248413929
215544595
209901054
209297258
208905067
207914567
201645964
195192199
189557403
179140939
177155315
172313268
172313259
167615552
167613504
160591709
130841801
118796502
116134702
95500963
24038436
23740203
12056322
275794488
275320039
274361067
274356904
274041930
273906382
273899703
273667078
273658475
273645515
273245575
272305853
271122527
270751275
270635787
262064070
230368343
214956684
213886094
213691893
209901286
209867791
209430420
208907163
208907092
195881389
195192199
189035836
185994745
167613456
118796502
116134702
114995858
114944464
95121083
43878096
37398777
32895642
24038436
23740203
274920890
274364135
273727131
273725319
273646433
273373659
273262441
273216917
272833791
270785807
262689981
262064072
262016750
261021700
243224099
221011759
221011458
217264798
216333166
212561873
209905970
209610715
209349486
208917713
208917257
208907203
208739202
195319315
193202939
192971999
192908600
192721529
172313391
77221972
55204201
32075150
31206256
31206230
29812141
11956281
276952578
276181549
275586346
275224117
274361056
273681579
273479773
273454317
273429357
273383621
272833823
272619902
272167103
263208292