276952734
276897769
276897515
276896401
270487852
222177973
221268744
196051023
192951963
163148006
160270294
160270190
153837995
153837905
153837820
152367287
151837213
143676192
131280492
88783995
88783858
88782004
88249919
84804529
82008145
74561299
74397112
73516740
67202155
65394973
51991638
51991535
51991352
37152452
35448872
26604032
25207966
2224067
794500
794498
277390334
276903127
274379746
274175524
273228906
270487528
270482591
263770985
263105118
260920268
248430965
247324163
198395018
192952171
192952157
192952019
192951921
166322053
126009105
121171575
119331143
115828064
114788279
82939097
82939079
82939029
82939011
82938926
82938875
82938785
78554053
56441311
56441296
55289900
54801359
51991622
51991522
51991457
51991416
51991193
274379750
273680161
272837571
272837163
271421131
270483708
270446981
263770979
251754918
247329251
198395014
196028411
192952133
192952065
192951951
192951945
192951919
192951885
192951865
148029121
131280641
127126076
127125985
126009081
116300374
114571826
83750785
82939085
82939043
82938882
82938877
82938866
82938856
51991777
51991757
51991427
51991279
51991249
51991212
25538141
51991219
37152514