276841910
276808069
276807959
276659378
276561569
276544327
276434870
276430950
276430518
275986452
275986374
275793828
275776703
275776616
275160545
274195548
273724541
273525761
263092576
254093493
252658533
252053604
251971166
249256973
249237506
214496204
198525713
195969495
195732823
194130753
194104280
161488159
158744722
112081160
99321825
93289637
73174161
36556296
23290739
8479670
277406690
276660615
276639448
276619131
276448949
276446355
276435955
276423653
276415993
275733986
275733423
275733410
275728779
275716287
273167150
271108390
270674835
253248191
253237089
253145850
250126133
249206947
229700624
197189419
197046041
195970963
191391762
189844308
181712393
148812331
148810302
103740411
103462258
93289633
76594819
68995263
54675544
54640385
44819049
7465177
277571428
277017509
276659930
276659343
276594864
276502939
275277931
274619137
274560602
273819717
272383242
262055262
262055007
253095938
252107785
205116774
200652015
196758073
196388029
196024735
190722900
169712234
153817722
151995522
148812522
129568391
117067448
105661146
103601341
102261449
102144156
94700301
94694578
94693945
93289645
68344414
58600940
44819086
41379331
7465845
277456877
276848105
276848098
276660534
276590126
276494694
276416067
276415820
276120172
275723088
274246708
263392762
253306899
236850678
199975082
194038055
190791314
190236269
161618827
153262370
139987816
133258058
118137741
113332501
103740421
103740413
103740407
103740403
103601357
102261453
102144152
102144144
102144136
93289635
93249315
93249308
77900094
53896428
43982402
6680579
276660714
276659172
276657570
276603875
276596741
276591331
276500218
276424724
276424033
276422271
276104850
275776663
275733718
275344377
274539266
272057486
274917090
274876739
274246895
273748322
273167738
271521076
253306871
217476297
214767264
214200561
214096576
203769703
197147183
189973235
180943905
162200758
162175131
159246280
158755468
158699273
156177127
153835819
151993522
148814815
146587221
102144131
76466629
54887702
46202337
38114094
10373101
7333483
1839553
276659204
276449875
276449873
275967747
275793814
275586966
275468440
275468153
275346448
275344864
275344091
275198159
275197230
275048017
274743823
274541690
274287500
272966158
272473879
263626399
263440150
252410635
248428040
242718273
230056062
227135168
216326867
213893110
158746215
118135935
109913508
93289643
93270180
93269030
93249311
72518816
68995381
36362483
10371605
6941665
277406694
276857394
276658778
276627260
276556699
275902551
275544323
275469659
275469312
275469147
275467926
275467828
275442294
275438706
275402998
275347708
275260700
275197819
274667780
274248717
273991729
273167591
271113003
270246388
262976227
249058430
249026247
217526669
212323665
203761175
185917046
180990328
159000754
151987185
139149336
133252739
132834539
84873247
54889663
10008597
277406698
276660725
276659398
276659237
276658110
276288510
275802863
53447950
51964201
51526577
38112262
36815106
1007779
277417742
277406696
276949472
276814762
276660682
276658527
276657416
276622668
276563160
276558111
276463133
276400445
275885372
275588516
275469717
275199925
274883694
270987302
263438591
253461960
249211557
221341705
219152757
202604494
186273689
186238906
185943494
159259052
158846967
158699100
153820537
140359796
93249321
75738601
75183406
49166354
39686528
13459697
10372122
10369175
277484080
277393788
276659034
276653795
276531479
276416155
276367952
275733961
275486093
275469545
275440873
275332501
275206842
275199840
274896113
274552900
270068666
253005314
249767141
249208378
249022223
248687744
247657754
230315195
230315136
217085118
212323812
202431747
159234498
159175272
159049592
136784817
103740405
103740401
102261451
76137203
53451713
53450079
53448948
39689116
276848121
276834898
276814776
276659269
276657525
276415767
275892274
275733964
275583070
275485914
275468858
275439732
275421682
275280288
275197543
275066820
274743842
273711597
273185858
253456864
250336516
249453074
247657936
227135049
227135035
207001068
185948474
159097553
159049509
140100952
117566143
85456484
53444227
53442230
74943215
54360828
53449303
52327128
52297066
11823520
10372571
10285571
10201962
4503077
1839543
1839541
1007791
277406692
276500268
276067898
275694383
275438242
275437505
275331655
275200212
274718220
274048225
273461630
273187477
272965952
272661395
270075334
252994738
252653688
249600054
196450562
192780540
186272458
160598605
159010206
158755159
158745296
151978104
118133867
97886651
93289631
73172789
68342377
53685849
53452237
52574690
52297490
48494292
42699465
11249817
10009407
5032677
277451838
277406688
277311425
276659371
276659258
276434641
276404761
275776746
275453792
274547763
274106193
248687838
203762598
158846828
11249929