276484636
276478608
274033175
273553476
263514082
263209695
262655263
225206150
198799258
182465325
95250599
95249917
92551667
86741830
67088653
58932959
42325725
41073709
30156558
20424656
19292330
15638202
11368915
11368891
7278185
2801999
2406289
2345567
1535537
1415641
1016178
831788
777540
684735
573954
541519
506107
506104
505894
437682
276490018
276478610
276478598
276478596
276478592
274185274
273927512
273688770
273383700
266954446
254092806
253071231
249772404
242411344
191057333
181924230
181924165
137481858
137419734
91544358
76125993
74548214
62648448
54675397
49716254
41071538
15628938
1749193
1734481
1600109
1563587
1367091
634790
605604
605552
507060
506643
506571
506558
506106
276716823
276716804
276484638
276478606
276478604
276478600
275256624
275002533
273475487
272407081
270863129
253068916
249532279
247937053
206474191
181925516
137241274
108231100
105739187
92551480
82386273
77015699
74623103
74623014
74621712
74621646
74621565
34752133
23436607
15640170
15633264
15631944
9771450
9688954
6622907
2666165
1826667
1820063
1256493
544824
276478594
276478590
273434640
272830161
272407079
270797892
270700900
263206780
254092777
253691038
253622083
253058475
252976144
252973430
249823427
198732879
181925866
181923887
152515916
92551932
92551838
77020829
77015849
74953487
74622772
74622731
74622473
69219927
59170478
57749162
40940131
34471330
19751702
1651899
92551803
74622904
42843028
36940215
20555544
15624232
3143135
602825
559103