277351740
274678005
274677945
274677629
274676789
274676283
274675682
274675652
274674977
274674472
274674296
274674117
274168678
274143179
274133526
274133512
274133509
274133488
263763646
263179606
263097469
261840872
197620645
197530418
193102043
192951450
191814119
184242702
115966397
114945033
106350059
101262423
84873462
74451672
55422896
55289162
52112591
23438803
23438505
22871777
277591107
274677674
274677525
274677351
274676612
274676543
274675880
274675690
274674828
274674352
274672917
274142334
273312674
273310753
271426752
270142587
263097783
263097542
216288982
198731749
198285489
197620669
197620653
196220847
193109339
192951225
191809972
182816392
182813482
122521735
101871038
74678257
66206555
58711038
55288968
55288309
25203279
22986095
22985912
22867849
274678031
274676308
274675379
274675019
274674645
261840753
197620649
196220906
55287289
23437401
22987241
22986298
22986143
22985836