276356383
276348677
275109496
274678814
274462558
274420207
274392658
274287366
274260856
273369149
273369096
273368914
273367721
273367612
273367596
273367577
273367508
273367493
273366264
273356583
248895208
210134641
206248676
191780693
190739671
190707059
190254113
190252991
187024116
176417822
168179463
142417002
138225673
116877889
101749784
68053797
57785448
57784983
3613643
710403
277554758
277375791
277010680
274970148
274958277
274915714
274669911
274454053
274420319
274287381
274260929
274173950
274142854
273368983
273368921
273367542
273367462
273367397
270677460
214769691
214731974
213912286
195472273
193007469
167611991
142548043
111155994
110709330
103475057
90527799
55287921
12118956