276898006
276894278
276744891
276410390
276410337
276408982
276406214
275943449
275813587
275622728
275433076
275262054
274955929
274872712
273279301
272446065
272443811
272442403
272433261
257835619
221268719
216380378
201305608
160269622
159095145
143676174
121172564
121171977
115288695
107363748
95091089
95090938
95090015
95089986
68572116
68354420
59397519
794476
473058
473049
276886539
276744889
276744887
276411961
275622730
275615763
275600015
274961241
274084857
273279319
272446745
272446353
272446152
272443197
272431021
272250481
271318628
152172206
151994822
121171527
102759889
97922474
95091087
95090940
95090746
86630037
65394258
44497489
39361098
25006268
23405199
15926403
800598
800594
473707
473048
459946
459944
359661
359660
275663711
275622720
275622716
275131338
274953013
274951982
274823820
274084883
272444283
270053596
269986968
264051927
217734317
201359099
177703746
176429954
159095172
121171943
119026530
96580242
95091069
95090585
92994051
92959798
91261984
61556200
59252096
58961958
52702351
44497606
35451203
31518331
31518005
29382373
29375601
26614121
25004293
24913021
7344405
460842
276938213
276744883
276676381
276406550
276281503
275813607
275694749
275622724
275622718
275216188
274117547
274117541
272448682
271090915
262674839
262605465
247582617
198801135
198794189
198778739
198732146
198721889
198593021
198589485
197738605
193237177
176172309
123442287
117067194
116594712
116593622
115006589
95090041
90893438
36711193
35447228
33457528
14697605
198698632
197694342
176050671
169380087
121684449
121684442
116595338
102134487
96555862
68984982
63678361
49641783
48502427
42471030
25981836
20345793
11662724
465898
465858
277390095
276892298
276653980
276285291
275663703
275663699
275622694
275615432
275148342
275111512
274872718
274320511
273197779
271319323
270845571
262674565
262674427
260920308
251263501
249012555
198779136
198640849
191757205
176037605
169380898
169380319
163148684
123442285
121684438
111338352
102133448
96578734
62352445
50392256
44497584
39774486
39773142
37795679
31518954
25981776
276676714
276675969
276462291
276104571
275663705
275638366
275362347
275046035
274004496
272250731
271319883
270053961
263771017
262757694
262674367
262674339
262338145
260920686
260920535
260920465
198801222
198725098
198671593
198564934
116758641
96587872
96584298
96553317
68984988
55289713
52695982
50268513
35449698
29396619
25207936
25207911
25006406
23401750
20345781
444969
276744893
276675965
276669509
275663715
275622702
275615436
275587763
275032305
274872716
272369443
272250433
271319236
262675042
262674345
262338147
260920591
260920573
260920291
260920287
253354996
247581311