277554573
276806428
276669626
276653612
276178335
276158137
276139484
276139482
276139450
276139348
276123514
275875564
275869441
275218895
275146528
275146499
275146408
275115289
275115002
275108010
275107987
274779590
274776507
274775059
274669790
274124233
270812068
270812015
270812000
270811990
270131265
148063803
148063567
148051733
148051639
143826413
139947425
138363566
114737426
100378520
277553697
277549111
276716830
276679812
276679785
276653164
276178305
275146520
275146352
275145433
275115589
275114918
275107897
274669885
274124227
274124215
273392071
272123006
270812074
270812072
148071116
148051856