276274600
276008409
275802192
275289871
275282063
267178807
217181007
200619997
190180145
190172003
189604213
189169351
176951637
173515610
158226507
154184596
132829599
105614601
100957989
98298385
97480012
96575437
96574930
90587996
90072481
90056894
73402321
73402252
33454114
32224216
31246856
20161673
12661716
4502643
704152
608792
492571
472951
466139
272376
276463192
276463165
276007214
275685414
275685146
275138807
275138182
274107126
272464989
247277044
200003959
199034832
199011045
169514226
168587068
154183115
131280617
122829081
114572135
110875545
105614648
103776244
96586103
96585364
95295517
90070892
89501327
84873902
73402516
73402305
73402224
73402064
73402007
66748103
25057009
12661732
4486877
466140
466137
466135
276284794
276007150
276007057
276006673
272532679
262674365
253210057
253210042
248006016
204302460
199009906
172671073
149717283
147587458
117444195
109775030
102133641
97518120
96589465
96588803
96587037
96586002
96575012
90072805
90072059
88826088
76822130
73402657
73402383
68820095
68668867
58074705
51991616
51991614
51031570
33455032
31517339
13453414
12338313
466134
277375687
276931808
276898811
276898695
275499776
272532462
262674867
199027334
199023329
169379622
163148710
145371570
144526427
115966444
103870022
103868937
103867886
103799298