277552964
277312157
276964310
276860878
276473386
276406302
275486734
275057844
275057830
275057825
275015923
274800458
274123944
274064843
273906652
273835064
273820770
273670928
273670918
273461292
272648557
271429897
270906266
268504618
258409301
253394013
250104305
250099407
202041941
201385751
199739777
159912507
159050459
157299807
127692476
127033575
125838238
68823448
51348559
44640202
277544480
277544274
277316356
276856252
276473388
276473260
276473222
276058699
275541015
275057827
274922184
274595587
274064825
273707322
273670940
273373488
273082009
272981728
270874969
252583641
252011697
251773656
251548203
249262329
247373878
202339027
202041937
196488153
185024815
185024810
178240521
162025764
137941609
120183254
120183235
109861903
104465374
104465370
77865075
77865073
276499599
276308028
275747155
275528803
274640592
274113634
273710142
272881785
253043416
252850167
252135030
251460481
248886537
214187516
202388319
137446010
136240867
116904731