277506962
277441393
277358711
277347274
277281571
277228149
276932754
276922593
276862868
276414122
275843796
275613236
275591939
275408090
275212153
273691873
273045242
271983692
271219230
263078153
261803615
208630357
197597246
195952106
147920903
116397449
114937969
77105730
52329765
52329763
35191892
14053724
12377498
10752432
10384347
7982628
4780917
3408327
2126103
347334
277544986
277347281
277312611
277228141
276812080
276504655
276353075
276286320
276252080
275878757
275020951
273691872
272405381
272305799
272166652
253620330
250548877
248755013
207830864
203865315
193006254
191948980
190707634
182713460
180400055
159388992
151950544
104909470
98648742
88917435
77122341
75701775
75440557
52788074
27594632
19884589
10597936
7644510
4299719
3284561
277516077
277464037
277464025
277031087
276183303
276032069
276019281
275945039
274867666
273708373
273120254
272200587
271627376
270107118
248755020
203701754
201693190
197636446
195881696
181379267
178514165
169379513
153492651
127991078
119528734
117595301
114447395
85350805
85350803
77105715
72199563
71353566
69360612
23427275
15082663
14136016
5745751
892683
448500
423567
272166587
272111296
271334603
252892459
242084231
197587864
196897126
195545362
195283647
194959720
193736928
190738015
190707624
188318470
188117475
175724211
170780848
160585830
129748827
112825937
96175528
81437585
76286237
35238664
14083870
6294927
4533945
3472315
2438599
614854
386607
276886873
276688547
276590535
276525623
276406287
275939363
275878781
274096545
271253968
270249440
263592647
263098911
253410452
253211970
252869923
247289802
197596220
196280107
194004410
191357144
184945615
177529582
174606930
158622098
157530103
127526925
118877609
117254518
116577585
104558056
91998922
91272089
42459038
32589214
22118877
15125960
11193220
736507
525565
397096
277519608
277416825
277374776
276497597
276082520
275301718
274193952
274146032
273900668
273691894
272363649
272165478
269946856
212468183
209332856
196287379
196001728
193737000
191949371
190318845
189920377
180399939
146491361
114411627
92551466
77221419
77109211
53935819
20538145
12709443
7021469
5745755
4179199
3658471
2079047
1610023
1476937
1471887
1359797
980922
276649686
276174901
275964980
275571235
273878964
273497627
273433006
271725538
271610652
95472859
77580268
76228337
75540324
42057381
41096978
36888859
36302323
35847040
12331685
891268
395365
388644
277375023
276862843
276716478
276649801
276240683
276183412
274361811
274045647
273602482
272166722
271627379
261151779
242310231
225926063
215592707
214753148
210137735
200673107
197603830
195891003
193736986
193736866
192948936
191045569
172154901
158448952
152464642
117036025
77243058
77220998
74983590
56271593
47504741
36131992
33543681
23134408
7544175
1914985
572292
352450
277436259
277167654
276756722
276173025
276076047
275347488
274852817
274058504
273701323
273220336
273129306
271515947
271455701
263494295
263084691
248587374
214774104
208210969
204473034
202879290
199552163
197644691
193736952
193736632
175526802
172024654
169006428
160671720
119229141
95250688
89894031
77328513
77221708
47158816
24743301
2889977
2540553
1190891
543079
362858
277596856
276839012
276724474
276481108
276449429
276308003
276046249
275712239
273843350
273823681
273122208
272832699
272556667
272474187
272422312
249253573
249092396
213564169
199176414
195318815
192289611
187927716
177290772
171585922
158755388
141393714
102513024
5109737
350318
277319568
276821511
276235865
275903188
274804218
273463721
270966228
270336565
262452951
247413391
247294732
217292447
207830877
200673171
193196008
192950789
190702870
186243733
185863558
184861267
184334885
182603733
176898504
176752948
173481344
137966183
115078649
104744325
101683213
89315368
88089973
87959729
76781513
54782541
51600471
15203099
10679600
7440067
966548
549808
277396388
276566555
276351198
275358698
274059892
272421946
272416561
272355302
271382479
270904217
263511030
263307579
247567461
247406375
205506472
204803647
200976568
199175695
187182657
185768640
184879860
184297052
181249082
107798675
90893294
89314327
84950562
77221181
77221157
76229326
73354555
58992119
58209773
49998524
11313190
8081895
1696341
440275
434984
381239
277554748
277344504
276547900
276527146
275536385
275007891
273958474
273910252
272887093
272864121
270224541
262687653
261975742
252357067
249051425
248590212
212351484
207032985
202961355
202650469
200789819
195662491
194568668
193858813
176707062
176522580
155550595
123830495
82923212
77774565
77220990
77220881
76282194
57432701
6825221
4684599
1374583
599991
275346446
274996768
273823693
272534276
272370659
272129444
271303231
270897050
263105023
261832157
252574901
215914452
210513734
206643144
196521502
193736846
192949916
160671795
154931760
154920664
151483528
146226441
137941480
115418344
101933006
101932008
95250138
89315755
89315429
77220733
76282192
74198804
58339990
58035573
53870816
53770183
49066799
276928877
276424651
276411504
276088804
276060419
275579395
275493129
274994480
273941677
272962193
272882274
272250111
270745806
263754198
262903855
251275935
214242697
199977090
197847959
197354960
196180798
195673117
184879027
145778070
127032676
118228702
101932043
77447020
77446852
48753378
46305782
45321614
45320088
38120151
36497854
20750200
2922305
1914981
1191823
431216
276601656
276597831
276596405
276560084
275948766
275932069
275813967
274987221
274867668
274800899
273900827
273718985
272597315
272251358
270224599
263693538
251274332
247567447
242434574
229723807
216285739
201106680
198926300
194105449
188919875
187888680
186106273
180736967
178831354
162839009
146272224
137429238
94161548
91985385
72001048
29354045
11285219
10859090
2879381
2569529
277496909
277418269
277274531
273486374
272537495
272335955
270832172
248823085
242078662
242075756
219448673
214656447
206996072
196544884
195841037
195673283
195670631
192949966
188147623
180253136
176430871
137482271
108493411
105739289
89315668
77221515
36884774
35443612
25886839
11221778
10805989
10118592
540467
383038
355936
276630082
275590984
275550635
274067255
274061053
274059854
272426555
272397554
272353991
271079157
270141424
264051211
262569332
253113438
252714188
252179590
252073317
248697707
225911350
209391753
208738726
208405444
187942954
185175749
178031693
176892671
173673971
172024656
171581156
164323188
149781044
109861912
77222651
75440553
73668282
22410530
10787921
1739193
1621207
1191819
276183252
276182736
275579004
273442608
273102047
272445726
272028806
270492207
253722194
248777663
246163529
242694222
201036161
200673099
196313838
194959709
190087675
187746372
177186445
174248133
173481387
159693908
154924178
127033134
127032865
116904750
110204717
101933205
101932807
101683181
77221223
77220932
53871550
44888074
8175895
5829047
4184211
1005224
420337
389846
277343483
274802560
273958492
273292726
273219189
270501971
264111822
262083106
252641291
247958306
242620858
230209370
210413489
207911326
195821511
193736864
186575373
183570228
163567799
117586325
105739374
101933730
101932352
91985515
90135317
77221614
77221306
77058985
73513620
56814904
52678800
19918277
14083872
2166923
1420369
389851
276112090
276032120
275294034
273717102
273399027
269958172
253565412
250060816
247407715
230323519
216231641
214770423
209864185
203404751
201475753
195732834
194418190
193736860
192936148
192863155
185645847
163661900
162025627
133935414
127033468
116577649
105366571
104744345
103474834
101683182
90979962
86418119
77324122
77221292
54752613
38119287
7458429
1742013
1063870
380057
276734784
275903245
274871441
273441132
273221496
270903536
270796364
262338123
259310767
253488329
253044140
216204604
214666435
208405438
205522287
198419528
197652268
197062963
182149679
180737033
177307838
168004974
160356255
146270186
145777688
137966102
109861924
92551655
92010531
90745928
83757985
71672017
54753169
53777133
53770260
45349393
25909896
6927427
1816797
1419677
276856090
276743830
276345705
276094454
274989355
273583150
273461336
272885853
270840504
250230238
249942362
244131693
253089603
252861872
249052083
214099124
209603433
208778465
207699227
200851397
200561079
199889955
197387979
195623185
191949051
188229189
164323180
147341642
138070468
127692345
95250139
11656635
11656624
6451683
2033003
1831635
1827647
345768
277501991
276596401
274857334
273942868
273457732
273220317
272239430
272199323
270798818
270137004
270125111
267557487
247414347
242503025
225297522
216199263
215914456
209165793
205958159
204204627
203150208
155987344
129138574
127033396
127031694
118235667
114902650
106206469
77222053
77221599
77221103
77220860
76282203
69568238
54123570
53870634
36804904
641906
461264
432890
276597845
275863905
275861648
275492254
275279140
273879831
273218091
271128029
270268693
263394313
252759271
252563172
251276561
247949565
244690888
223931058
197623405
196197018
195715784
195306007
194585878
192949502
188701532
182744869
177924778
176767258
176487506
149520256
136080528
127032630
113268099
95249749
92551406
75792980
57771525
55209558
47142033
11661528
4485903
477665
276665141
276525901
274819186
274190925
273951826
273407013
273379793
270661746
263809286
263479785
263085074
251735754
249130068
249093423
171580789
163739499
127033444
116566882
103524599
101933603
89314869
77580349
77577386
77222784
67966412
14353075
7496309
2438583
277250609
275970273
275552621
274791708
273879861
273294117
250743300
250349269
249388576
249220256
213861822
212993135
196395463
195319143
187619749
178831429
178513040
177529590
177529588
177529584
146276819
146225091
118877606
116577639
102552333
101933277
94904228
87631853
77580239
77461849
77222044
77221338
77204229
49066823
48979641
35355714
7644463
3023401
684818
597029
277504782
276735045
276663657
276617358
276567102
274918081
273913952
273645179
273527841
273452024
273304753
273183925
272556411
272534352
272200564
271420641
270988554
266550633
253411934
252357071
251277700
249971157
249659348
249028789
211692449
207933133
203499080
202961541
192950360
176752887
146273693
120364385
117073296
106749678
105366592
95250041
77446878
77221812
53935737
10277498
276688220
276159352
273958535
273902730
273377044
272886026
271476854
271168918
270798597
263681261
252871340
245765752
230124644
214693382
212262804
207019034
194787389
194595087
192987154
190119035
188658030
178322979
177746979
176765119
167429540
134284727
52417994
51613367
47142039
11371245
3472317
832239
276496587
275970260
275966114
275731500
275654167
275438693
274063009
273250323
272474105
272339294
271127945
262976080
262728639
262681324
260931846
253168919
252357175
248880607
215141303
212580606
212564429
199897583
195316919
192950348
185863827
176926442
176752844
176378728
174435282
163739574
135720318
127478008
122592307
85559961
77204209
76222928
71682441
58087962
43801503
21031762
277499346
277267490
276156519
275440558
275358602
275274707
275258317
275109320
275028305
274328413
273292206
270107286
263863620
263083883
249054307
205917097
202020501
199034526
197920812
195323915
194208359
193152219
149974909
127032274
125742727
108966265
101931631
101931521
97705607
96201048
89317342
77580089
77222569
77220805
71670825
53935787
15686463
15077077
897823
427533
277378729
277263972
275068658
275028458
273987059
273826000
272479461
263103305
263083897
252869961
252027139
249600361
248503020
243808446
242660590
242501038
242449705
221029912
215723184
215580064
209269375
208103275
202781919
195323201
195319087
195303219
195287162
191808617
186110562
183501918
181379281
177253738
153837031
117221134