275618545
274122312
274118666
273305873
272466916
271356262
270052852
262876206
258666981
258666926
212110150
210527780
210514072
206715311
202962036
202961843
192951482
192951329
167981104
167019463
160402347
109860562
76152769
74451494
71683183
58710304
55287767
50076343
50076313
2530131
2290749
2290735
2290727
2209215
2208825
689057
688930
574289
489823
489819
277400964
275618566
263209027
263103169
263097521
262706900
258666917
210514125
210514112
194183586
165161008
160402331
116414107
115996898
102132924
71683185
68984807
58710120
55285869
50076299