275863873
275863854
275863851
275783272
275358538
273645543
273443687
273220002
273085394
272557039
272360325
272113054
262080400
262045862
262037865
253573522
252577244
252040834
248052784
225268149
225266824
217123702
197618815
197096036
196382172
181774532
158868221
137238063
114945752
77986634
76688189
57772694
56814270
50692176
24862862
14996281
12269308
10576588
816746
435718
277352650
273666446
270747334
229780846
207357124
203084406
188658096
180343534
111581980
72001045
50431051
50425231
24998542
10576700