275703757
275492697
252892449
252098347
247240255
246856193
217696707
193050681
186434696
138422825
120183863
99855058
73516878
67199937
55650617
54746312
49564282
49398669
43176185
38576163
37942067
36338952
33492466
22725674
22169400
19884545
15491021
15249070
14997091
13454614
7270519
7229789
6593365
6073673
2619493
1938699
557049
423486
367793
363077
259858067
253232052
247814574
247240267
247240251
246856169
222660829
202239541
200625191
196382192
188896279
184895701
181772121
181562813
146272587
107630568
95218453
77231453
73162453
51240603
50226765
47801556
46626777
38108638
37156721
34928912
34463532
23433244
23382544
22442897
22023206
15186800
14997093
10784308
10579831
7367033
6074775
1938701
563397
367792
273773791
270472473
270118420
263256541
255368923
253230426
247814563
247814559
247590571
247590479
247240261
247060725
222660745
213787842
207192229
206376847
202258749
201120269
193050655
186442830
181668276
181473090
178940453
176168262
166084399
146271358
123447208
116406087
101995188
78289019
48983088
48766450
48754579
43739823
42659451
41092634
37942777
34937209
8451372
2624285
244169030
213681662
213675017
208499336
202011255
197687505
196524307
193922568
193691640
193050657
192774924
192771675
190519334
186293456
184218367
177924864
174308241
173751824
170661489
124893177
107627273
77231063
51242092
45370392
41098298
41094815
37128538
9967528
7521427
3017915
2002411
1667309
573699
273976872
270716079
263485416
255605639
253468617
247060696
247060684
222714916
216462274
207192227
203433686
192777507
120183505
107631192
107625229
91552802
58437178
53390525
50227247
33321136
24958076
14386941
13624074
425939
367791