277485605
277485516
277484854
275587042
275585147
275576352
275576286
275285353
274544465
270881640
270502324
270502310
263239843
263239527
262976207
262792495
262078591
262078555
217181980
217180750
192909273
192583632
159786116
145625448
131280627
124041208
123442233
121228696
89501815
80896243
51991677
32431483
32431482
24545053
24544970
2152873
1949905
826829
658826
434872
277485600
277485212
277484993
276263562
276253353
276101770
275587869
275418613
275418585
274589687
273331465
273041733
270502342
270502312
270053886
263266508
262674446
262674282
262078577
262078519
262078501
260438898
259315265
258752285
258752275
217181083
192951905
192714834
175527325
175527306
175527277
159786046
125360333
121712618
101818999
94282967
32431480
32431417
32431405
1949873
277485431
276958026
276263201
276252385
275967929
275170862
275083450
274497348
274458735
273331235
270502348
270502318
270053720
270053526
262078583
262078571
262078541
262078537
262078459
262078421
262078383
258752333
217181905
195875380
189544423
182149811
175527300
171868593
162593424
160208752
159786059
155699872
122829015
119315421
108253191
96586880
32431443
31698243
863193
826827
277167728
276275386
276262812
276255771
276252756
275585489
275001911
275000942
274589841
273203341
271231473
270845565
270797392
270502356
270502354
270502322
270054000
263266432
262976218
262078617
262078613
262078547
262078487
262078471
262078451
258752384
192951903
187839609
175527332
155700040
155691496
155691482
145549099
123442494
121678659
121253572
115968724
96553764
826833
658840
276957982
276284681
276279863
276263397
276263014
276251667
275588474
277485609
277485505
277485448
277485439
277484653
276279939
276275381
276259745
276252322
275585210
274661224
273530198
271334755
270502328
262078603
262078551
262078545
262078455
262078359
258752365
258752218
251253516
248648925
229801835
175527337
171868581
159786114
159786096
159786073
156113029
155700032
155699859
155694810
155691486
147977992
121228454
121228155
102133622
58449065
14452969
277485659
276263288
276262893
276259942
276252643
276251836
275701567
275647867
275646370
275576069
275000947
274659393
273331285
272471127
270502326
270053970
270053655
270053556
270053498
265965546
262757692
262675000
262078611
248646868
171868576
171652236
160209027
159786077
159786071
159785981
159785979
155700026
154183288
154182024
147977486
122522105
122273800
121678791
2692755
540272
277167717
275646426
275584632
275407313
275001902
274773164
274542000
270053824
270053703
270053512
263077762
262976216
262078621
262078607
262078587
175527340
175527263
160208547
159786069
154183010
124040898
119315148
115968817
111109451
96586977