276463280
276436219
276328487
276327143
275692550
275031439
273219430
273056535
262757683
262674890
262674710
262674319
262037938
217180778
185905291
169381102
169380220
147977996
120472321
113792266
109434692
97454588
91457885
91457819
91457773
87909011
87907837
87569484
87534427
87534310
87532800
83021088
78903974
73402675
73402289
73402250
58933174
23407454
1227773
559959
276246832
275605092
262674900
262674863
262674721
262674549
260920768
258752315
217180558
147977265
119026496
97498412
96589558
96545676
91391901
87909335
87787833
73402003
36318876
32224325
23408719
23401787
10073727
6980795
4502743
466531