277370423
274805782
274677651
274674436
274357362
273302764
273301948
273301927
263209640
252714368
212962053
198996367
193640573
193640567
193640561
193640555
193640551
193640545
193640509
193640477
191780194
191780056
181567278
181567276
121227874
116893517
58711410
48755618
47099087
44605081
29355215
12671125
11238505
2377337
2248823
2184517
2184457
2175579
2175573
523687
277403345
275961282
275626095
274218387
274142326
273302061
273302027
271477094
270636721
263265568
252714372
248789350
225195217
212961750
209603504
195472347
193640575
193640559
193102049
192174046
191779950
181567297
121020771
116567472
116403550
116299638
74236886
71043290
70783622
70783208
49334137
29355118
22955704
11237153
11224658
10712534
2377609
2377339
2248845
2208485
277573668
276963498
275697837
274676598
274674196
274673992
274142271
274142269
273302760
273302160
273302124
271129749
270636827
270184662
259568290
225195201
198996330
198996127
198192622
198192618
193640544
193640540
193640492
193640486
193640465
191780535
191779875
191779137
186745252
166085597
71945837
70819572
48755728
48755519
36316092
35446916
29357434
22954997
2378031
2208871
198996215
198562360
193640569
193640523
193640498
193640475
193640473
193640471
193640469
193102067
181567319
168004947
167685504
121024282
121021144
71041398
70773686
49334359
49334236
48755244
45164185
32222206
22876405
2377639
2361161
2184305
517933
274675896
274674121
198996351
198996313
198562289
193640513
193640496
193640484
55288317
32222611
2377645
2377633
2377615
2370991
2044251