277607510
277269518
276236126
275609755
275428253
275428244
274607503
274405314
274179239
272057871
271319520
271313297
270458332
270442485
270287127
253107843
252680300
252159836
250335220
222680408
216401465
214856953
199234943
197604712
193107867
190335796
184639425
174319405
141792234
133436494
131086046
129593418
119398722
106074128
100023530
56602530
35166670
23179050
1024084
532700
276915198
276641671
276448457
276348563
274956200
274956156
274805652
273282409
272126522
271379184
270487579
270441806
263209703
263044414
261974949
252161980
252066008
242165954
212438559
207206885
203493864
201039365
195788171
195567884
193724509
181361118
174319431
174319148
111149117
92145844
88734814
56602528
23549246
23207819
21739535
21473005
1784651
723427
723399
723356
276915149
276802389
276616523
276315601
276236212
276236145
275201125
274805641
273398517
271627519
271379551
271118085
270974347
270803230
270477807
270111634
270107018
263113026
253188133
252676679
252162181
242146069
225266724
216401573
213858275
204325313
197725429
192884966
184284086
182130921
180531050
174318664
165701195
164839573
111230233
58246541
48018650
22052772
1784657
1325399
277607504
277269529
276851288
276616436
276448396
276396262
276315603
276236090
276111420
275873955
275752807
275287303
275284848
275272212
273585809
272035313
271329508
271123131
270788932
270773859
270767741
270465280
270445168
270319661
270075650
263073226
263042964
262651799
252672574
251277698
225385650
225214496
225171368
222616783
186618215
179758064
157625305
111189882
68107674
986248
277626688
277607514
277607508
277564688
277563878
277545492