276688603
276688269
276642308
276642302
276347129
276280595
275914678
275239442
275239433
275238368
275238337
275238329
274061135
273654804
271269723
271193534
263807064
252580165
213864698
197951680
195028701
187594847
187409255
175154544
141907095
141821396
132096671
126258781
108983229
103774150
88248974
76120523
75833008
74731969
74690327
74687439
73279107
72454858
72026705
11327092
276688630
276688556
276292287
276156245
276153150
275238737
275236681
273950849
273473952
273473940
273465260
272318426
271329354
271265072
271146573
271128035
270854274
270306122
253364306
253058488
252605084
197954854
193748161
193748017
190156826
189601518
188276078
186826482
163132830
160821362
158851755
145396925
109576721
108989705
108989165
108987312
108973936
73124278
73124129
72026326
277499424
276688622
276156204
275238930
275238668
275236825
270299273
196068716
141882669
112059660
109576719
108989411
72223641