274769884
274055929
273572085
273354895
270444147
270246606
270164419
269984073
269890613
263693271
263033580
216094736
216090262
208068126
204874059
204873499
202517425
195660715
194117528
193672011
193666637
186269629
186268305
186267706
186267014
172172160
171901026
160410392
160098608
160098406
159955917
108026480
108023397
74417032
74309877
2238717
2238669
933769
440799
440568
274453779
273367098
273367071
273359617
273350234
273347726
271994512
269985132
263697148
216091187
196369697
195661504
195659563
194115954
194103532
194102857
186269712
171891928
160410416
95733373
14082588
2239647
2239593
2238823
2238781
440569