136546357
10833206
1914385
715454
715443
715437
715434
715426
707458
707364
707333
707184
707158
707150
706512
706375
706233
706166
706089
706067
705529
507039
466748
466738
463735
457274
437787
437716
437710
437709
412218
412212
403793
403757
403745
391668
357782
355250
336102
335435
208403354
204631062
204631060
204538065
204537535
191823884
50782092
50322756
715458
715450
707418
706976
706766
706047
552888
507028
475941
472691
466997
466745
466733
437984
437729
437708
437707
426267
425119
425118
425076
421869
418255
416759
412216
391667
355269
355261
355254
355253
355247
344311
253059369
208403362
204537429
200793293
195233151
192988058
192987692
191823782
178722055
44812540
715464
715462
715460
715440
715431
715429
707480
707417
707396
707392
706378
706173
706156
706066
706043
584837
437712
437693
437467
426266
425114
418268
418263
391671
371152
355267
355266
355265
355256
344272