277370115
277043322
276946143
276946131
276946125
276510061
276509198
276509120
275625159
275149895
275143136
273725356
273624309
273593777
272874154
270977325
270675218
263644160
263560539
259513836
253412722
253412710
253402266
252673658
252671706
225911947
208906617
207639429
200726853
196152942
191808183
167615331
167613691
89315122
66769393
34818789
34487486
33851780
33793363
31122073
273712981
273593775
273483625
273472350
273268573
273210919
272048225
270750483
255410154
254093164
254093025
252199027
217412810
202529564
202160819
200725391
198957654
167613622
157704512
137129381
35610630
34910652
33000716