277314917
276894026
276428554
276161716
276139882
276028505
276022880
275840531
275840505
275836689
275629650
275629118
275628973
275628849
275627829
275610578
275609087
275608622
275608003
275607271
275605148
275605089
275605048
275386807
275253441
275252023
275223481
275176308
275028907
275021063
274943131
274941465
274940436
274937417
274930094
267338888
195696332
195696272
192949202
192459317
275851249
275834006
275833963
275758984
275758909
275630057
275625326
275623258
275622230
275608725
275608587
275607390
275607275
275606389
275605496
275605160
275479163
275386759
275253551
275252070
275251664
275251553
275232836
275223456
275187836
275128806
275028454
275025529
275025416
274941606
274941596
274940828
274940600
274937448
274936903
274936522
274936433
274936394
274757384
106349598
276463822
276427558
276061160
275903041
275890109
275814481
275786337
275759161
275661119
275660264
275625140
275622137
275615671
275611560
275611030
275609688
275606459
275600572
275591043
275581419
275580767
275580478
275481687
275386967
275251987
275251743
275190756
275176312
275128766
274946572
274941434
274941407
274937088
274936554
271779617
270963489
270963418
270224485
193699829
184119831
277369946
276483735
276161303
276132315
275942950
275851311
275840735
275814301
275746766
275693324
275654282
275628384
275625349
275619871
275622324
275621472
275610424
275609719
275609701
275582958
275582519
275581949
275578987
275382563
275263426
275263420
275253487
275234629
275233265
275194558
275193339
275176370
275146822
274940913
274937078
272886215
271250631
262654677
197387013
169109089
71074659
277387728
276428585
276363150
276149996
275890045
275837905
275815302
275786407
275771409
275661786
275660426
275654033
275648617
275625223
275620959
275620455
275608763
275607443
275607293
275582989
275573746
275386640
275234859
275193576
275193532
275128756
275028811
274988562
274749531
271540501
271540484
271250789
270963442
270812461
270742898
270453692
263677359
195953409
193736656
193699980
277512636
277437831
277401107
277387749
277387520
277345630
276381432
276132402
276120751
276031298
276023823
275877022
275833501
275662806
275645169
275623423
275622027
275621661
275609083
275607421
275591058
275591045
275591039
275580266
275573774
275535631
275507357
275251807
275219050
275022975
275022962
275020833
275020797
274940845
273348332
271654053
270742948
270421236
267342757
263677433
277512631
277428224
277345792
277342793
276381477
276381438
275890250
275865390
275748972
275660297
275630210
275622248
275622052
275137786
275128804
275022967
275022946
273566386
273522387
273520523
273307724
271266982
270834355
270742962
270421207
263964667
263328879
192459313
277444412
277388232
277388210
277387434
276435990
276381500
276291350
276227353
276149982
276147459
275865616
275833322
275654534
275654479
275629926
275624070
275619766
275616624
275608018
275607928
275606956
275386898
275386638
275290683
275287228
275219093
275191098
274953492
274946651
274944035
274937579
274922164
272376585
270963438
270742954
270742902
270742894
267342758
263790862
199110413
276427697
276028573
275993199
275840656
275786223
275785908
275688687
275622097
275621642
275621390
275615408
275608093
275600800
275582926
275582789
275582005
275580974
275520297
275286273
275234749
275223962
275223902
275193311
275137720
274943577
274943060
274941471
274917612
273948588
273586475
273521460
273519274
273307710
272447852
270846232
270742908
263045654
182112229
181453912
99056743
277387741
277387526
277387516
277345644
276381424
276286124
276223753
276023891
275956554
275942970
275638205
275616537
275615608
275609713
275609699
275600665
275583009
275387307
275386617
275382583
275290781
275233173
275224119
275224072
275194751