277279630
275813605
275813583
275813579
275813577
275813575
275813569
275813506
273565006
273292231
273292216
271450768
258373868
258373845
258373780
225267508
215738352
215738335
207341535
195559363
195557224
195552942
195552621
195551326
157030521
157023655
157021066
157021037
157020681
157019802
157019700
149248550
103122026
103121076
103120900
103118737
103118564
77112478
54399510
2364849
277521903
277413202
275813615
275813581
275813573
275813567
275813529
275813508
275813504
273564772
273564628
273457242
273457200
273457177
273456595
273456310
273292280
273292242
273292237
258373818
258369981
215738320
195559340
195559256
195552813
186199434
186194558
186194276
178262803
156968646
153076219
104821958
104810512
104802178
103122153
103121143
103119072
77109630
77105513
48271736
277589945
277522244
277521934
277521729
277521701
277521680
277521492
277521141
277520872
277520815
277520795
277444944
277439657
277426550
277420212
277412612
277412592
277347439
277317627
277279461
277269688
276969807
276951907
276951832
276951759
276812717
276811797
276809926
276809875
275813514
275813502
273457298
273457251
273457175
273456966
273456685
273456508
273456264
207345701
104805399
276819262
276811814
275813510
273457104
273456960
273456931
273456779
174527615
104252773
277590218
277589917
277589823
277589766
277589732
277522095
277521972
277521968
277521911
277521786
277521727
277521588
277521371
277521328
277521204
277520901
277520802
277445227
277445057
277440417
277440401
277439482
277438829
277426510
277426157
277426129
277420363
277413242
277281879
277269568
276812332
276810769
275813619
275813617
275813555
273457312
207337150
104255628
103661890
103118380
277600701
277590857
273456221
258370312