276067467
275320212
262674741
262674729
262674696
253212470
252796670
252796633
252796607
249038526
225913128
193564575
191314021
190194327
188106295
175950270
175845335
175843787
160175074
155061650
131280774
110877174
110875493
104039926
95090368
74207945
59536342
51519356
48886077
34357764
25056874
19583206
1606995
1606967
1606957
745164
744403
744071
608931
608912
276651777
276463059
271327639
271326929
262674716
262674655
262674647
225911155
192952041
192074373
191314183
188103704
159898409
154184181
152831088
129728535
115695126
110875475
95090742
94904434
88073157
83750998
76677525
74208004
70202958
54902338
34357573
32223300
12338166
12338152
2736343
1606997
1606969
1606961
744808
743837
743729
743028
465636
122589
276651936
276462925
262674657
262674607
262674290
262674230
247391110
192952247
190313591
188103064
160393699
155506992
154184244
149765680
149189062
149188734
108957372
96555013
82390917
74208000
74207976
74207954
48478727