277361861
276812013
276652869
276652110
275948804
275782189
275625153
275189396
275140708
274801865
273708851
273524637
273216938
273216896
273134999
272349557
272349547
271270199
271270156
270769981
222716507
217718989
214598579
214598578
200727246
195291936
158582652
147175803
137751883
127801974
123447227
103348159
73437397
73120237
35579040
22047224
15592539
5852521
5404405
335337
277563390
277277725
275336260
275189904
275189901
275155624
274185333
273927564
273818227
273708036
273372444
273326859
273245046
271410583
271270192
270922920
263439899
262570450
262469762
260805929
247405759
221226529
209904880
209610625
207971036
193911063
192376838
167613971
167613536
159437611
137941407
103348157
26662416
15225145
13362311
12626815
8154914
3738983
871690
316417
277515573
276360722
275122388
273990934
273825934
273708847
273326848
273166537
272860184
271734152
270145059
270126575
262526502
262068243
261834625
257767902
254089691
200726628
200725294
194784064
190739550
183540566
180567266
180396223
174293687
167613913
167613453
146595886
112944555
94347498
86979169
77230827
74862932
58932533
35578799
33370613
3738991
1746359
487017
427487
110200535
92010567
48758108
15382569
426734
342009
276851298
276021146
275601953
275038680
273666358
273134219
272411949
272165178
272148822
272058775
271958515
271410589
255612281
253700421
230038112
214195651
209904980
209610662
209349571
208648723
208559440
202611243
201930393
196021413
181978822
181783092
167615222
167610890
137369242
124893056
123948511
113759281
113709906
54790183
54782791
54754717
50435641
34380884
5840469
361958
274358470
274189907
273256875
271959601
271143824
270470996
270122969
270120727
270116180
263455327
263120810
262972394
262085794
259513807
253628758
253410290
253238316
252867851
252671672
252401886
252393376
217535561
213691913
209349776
208739296
203222880
202525981
200004794
196853836
178779481
178602273
167615614
167615394
77231067
77230809
77220797
35616693
35593617
13771547
5404407
273868744
273713571
273682243
273636469
270789080
270772375
270703335
259512799
255632941
255612247
255605491
255317226
254093155
254078230
253627692
252671693
252289966
246774466
241814627
222726502
220923958
215640631
208917574
207281426
206360718
205927980
203275361
203214917
200727048
196338169
188659510
181783137
178519350
177883574
270800731
270773553
270479425
270471968
270161239
270131208
270127519
263627617
262891785
262085792
261973365
261957053
258752530
258669999
255605711
255349554
254093491
252341208
247799412
244760521
242101899
242075248
209867973
209867781
207970964
205723011
202797540
201426596
196021397
181783147
167615452
167613726
160691574
159015450
109283036
92551313
349582
275579582
275462787
274794227
273712828
273604823
273411044
270183278
270129201
269992989
262915960
262664409
262656901
261972260
261957784
257859339
257763261
255389203
254093257
253095749
252759480
252165773
248169593
242628018
230039172
221254619
221226545
217535547
213680898
209904993
207732705
207208213
200726825
196021523
196021400
178521015
109298447
67247041
39142259
34380540
33030525
277726341
277504355
273980453
273643509
273636826
272448466
270992931
270478309
270478275
270470987
270123474
263956902
262463628
260107993
258806005
257763305
257759905
252671754
242711516
230201298
230012605
230003532
215640629
213936185
212977456
208917572
208643727
188574658
179439771
167615630
166418124
160691542
160591641
158710696
120183336
109298262
109283072
109283070
92551269
36154614
275099359
274041442
273980473
270478281
270210612
270120729
270116243
263098202
262067715
261944124
254093032
253700404
253662185
252767457
252671742
251885306
247875446
246774468
230251773
215543317
202217689
192020807
178530302
177980046
176816388
167615491
167614094
129528965
66894181
33158295
274095195
273819432
273667080
273364051
272856687
272155459
271220556
270147320
263564709
262570328
262303712
261028870
260812483
255605422
254093267
254080332
253410301
248422314
247878597
230012684
222726500
209905852
209900534
208917743
203084254
201391323
200973162
200726832
195542683
190608602
188056836
178458208
174491337
170384667
167613937
167613516
117926962
109283034
92551632
2120373
277712994
274056297
274024838
273980419
273459162
273399457
273044504
271248875
270806267
270479421
270478776
270478336
270256808
269892987
262600513
258628320
255349780
254093041
253631403
252564893
252341206
250337017
247878411
214933088
205744369
203084493
191217263
183348291
167615026
158595638
132302665
114944822
101931394
87379579
77231064
38369039
33030517
32580328
20420214
11376011
273595865
272411115
272242274
272113682
270478154
270142472
258805909
258673248
254093438
254085811
253662081
252766427
252671712
207974058
202242110
201856071
201569003
201391388
196021385
190608364
167615148
167614017
109283057
49226546
35594370
34370826
859161
421036
274033167
273932786
273786622
273714162
273641777
273347416
273331372
273203134
273058939
272477357
272239604
271266175
270546376
270478844
270470945
267098844
262570490
259483256
257763346
254079018
252633458
250199767
249237955
249007374
247799379
219161612
197596336
191807992
188496828
181500814
167614029
167468326
166340913
164433304
147220982
141243412
137941689
56757449
11856446
548904
274056556
273886169
273773775
273583717
273460430
273411250
272364594
271959807
270480157
270214272
270124544
263976114
263396643
262801536
262567704
261972272
253720676
252867931
252768070
252600953
252289180
242075345
209899946
209430554
207281160
206687994
205289153
203084432
202878665
201799207
201795838
201423220
195542774
195319319
191808028
191268669
190608446
190608322
143970103
24587710
276509394
276238241
273690578
273501656
273199900
272209532
272152096
271344200
271320490
270144971
270141789
263303864
257765854
255605462
255299828
254080627
253630786
252640111
242443862
222215446
221254617
215796577
209901320
207762450
200032358
262061758
262052914
261957095
258673246
258668375
255630275
255427283
251235265
230251584
221254635
214612011
213164808
209610717
207567371
205807460
202258922
201569211
191808012
190608376
181783133
167613607
166341349
114944631
35905811
34380882
811802
277717639
277717637
277717626
277715717
273559614
273464240
273444580
273216569
272980066
272392393
272360313
272124496
271455926
263273984
262061769
255612005
252561202
243089664
219147102
213911376
211924853
209349393
194098985
146988864
140580879
114141095
113672423
20532327
15159685