277728224
277429002
277428290
277428014
277355610
276828197
276388836
276387019
275933334
275676836
275406606
274988397
274927641
273718818
273708818
273708793
272446715
271972235
271487489
270479009
253052060
252795391
229714491
216090597
214595369
203232400
195545304
195545296
191355332
191148802
116397383
111285062
71990280
41099296
11259000
2099189
1999259
1644057
418606
346639
277637875
277429557
277429078
277428283
277422476
277419281
277419053
276830371
276105085
275320306
273828309
273569828
273326878
272162044
270834385
252571574
242500078
212992093
205576406
205561973
202152578
179403748
174830022
167315639
115254496
107366386
54778717
53771152
22169466
20271574
15779817
13385364
7934686
5436017
4311405
3789023
2903309
568809
442424
355213
277429775
277423150
277422946
277422352
277418612
276081202
276074016
273828311
273708830
273388187
271662748
271455805
271163294
270478217
270129176
262972765
262016016
252186165
229767483
209904954
208906648
208652904
207971102
206340609
195545567
189533096
187604516
175798247
167349672
106083352
69196015
55066553
36313704
19689393
19665470
18030165
15382286
14646638
13648521
12400081
277422572
276835598
276473785
275400973
274753034
273844079
273553701
273452661
272426193
272411121
272161361
270679412
270511005
270504009
270478950
262945976
262662100
262386830
254089762
252289534
248497617
212135507
206102909
202062513
202031219
201622138
195545276
191353781
181264313
178303727
147770502
114945548
77231302
56949987
54757636
48895048
13667670
13648181
10646858
315978
277429241
277428825
277428694
277428680
277428668
277428543
277428444
277428228
277423336
277423334
277423299
277423221
277423211
277423201
277423078
277423038
277422876
277422682
277422680
277422562
277422498
277422169
277422167
277419381
277419121
277418866
277418856
277418826
277418778
277418742
277418608
277418583
273595853
262656017
246914221
216462132
202239153
196188587
114895602
66119784
277429610
277429604
277429595
277429541
277429041
277429000
277428965
277428945
277428778
277428670
277428564
277428549
277428288
277428230
277428096
277427929
277423320
277423315
277423305
277423286
277423259
277423246
277423054
277422828
277422712
277422688
277422646
277422360
277418965
277418879
277418564
277429582
277429549
277429405
277429075
277428981
277428913
277428866
277428860
277428796
277428619
277428582
277428569
277428544
277428320
277423281
277423257
277423098
277423093
277423076
277422836
277422668
277422594
277422287
277422247
277419578
277419397
277419379
277419261
277419169
277419146
277419143
277418995
277418586
277418532
277418528
277418472
277418391
277418325
272000862
200725293
277429666
277429590
277429579
277429344
277429341
277428768
277428755
277428672
277428638
277428457
277428422
277428352
277428091
277427988
277423255
277423234
277423224
277423173
277423064
277423012
277422944
277422906
277422850
277422842
277422772
277422557
277422466
277422394
277422354
277422098
277419540
277419528
277419499
277419201
277419083
277419049
277418763
277418762
214828052
195481467
277429609
277429591
277429584
277429189
277428906
277428834
277428286
277428232
277428094
277423317
277423164
277423108
277423028
277422880
277422825
277422710
277422660
277422627
277422386
277422372
277422364
277422362
277422281
277422245
277422160
277419504
277419411
277419285
277419217
277419111
277418999
277418982
277418930
277418874
277418776
277418747
277418640
167940008
159010432
55063992
2739127
277458799
277429554
277429547
277429479
277428758
277428756
277428750
277428732
277428718
277428526
277428495
277428398
277428367
277428246
277427957
277427913
277423267
277423243
277423219
277423072
277422955
277422784
277422770
277422463
277422273
277422267
277422151
277422092
277422055
277419339
277419332
277419197
277418958
277418918
277418534
277418444
277418402
277418388
277418322
273786661
277429616
277429528
277429402
277429358
277429301
277429239
277428969
277428930
277428875
277428824
277428633
277428609
277428338
277428305
277428300
277428080
277423128
277422970
277422931
277422759
277422750
277422644
277422568
277422566
277422541
277422536
277422532
277422442
277422395
277419574
277419572
277419552
277419360
277419259
277419232
277419101
277419001
277418849
277418684
277418602
277429433
277428942
277428894
277428864
277428613
277428553
277428516
277428412
277428302
277428277
277428244
277428090
277428016
277423307
277423193
277423120
277423044
277422936
277422885
277422866
277422714
277422537
277422496
277422458
277422450
277422435
277422199
277422143
277422102
277422066
277419568
277419456
277419410
277418967
277418834
277418658
277422812
277422720
277422612
277422508
277422478
277422452
277422201
277419403
277419238
277419055
277419015
277418981
277418926
277418878
277418676
277418554
277418440
277418436
277429483
277429472
277429457
277428970
277428922
277428885
277428884
277428872
277428814
277428740
277428698
277428610
277428378
277423231
277423156
277423029
277423000
277422727
277422670
277422165
277422078
277419506
277419419
277419137
277418438
277418422
277034103
276933311
274067794
273844791
273636499
271994527
270478775
270470947
258571157
209303641
167613949
167611115
129138416
35593318
277429662
277429425
277429283
277429108
277429068
277429042
277428979
277428748
277428676
277428662
277428618
277428514
277428488
277428390
277428353
277423283
277423106
277423086
277423084
277423046
277422964
277422884
277422741
277422636
277422418
277422263
277422249
277422159
277422044
277419569
277419480
277419341
277419241
277419163
277419117
277418868
277418662
277418448
277418432
277418418
277429468
277429444
277428791
277428708
277428660
277428579
277428264
277428258
277427926
277423273
277423002
277422912
277422807
277422494
277422459
277422276
277422258
277422223
277422193
277419345
277419237
277418881
277428560
277428535
277428487
277428294
277428282
277428240
277428065
277427966
277423014
277423009
277422934
277422740
277422689
277422603
277422592
277422207
277419576
277419520
277419109
277419047
277419029
277418836
277418750
274716163
273708377
273664521
273166533
273041915
271248576
262455293
252040497
204027437
201892412
192560061
111498777
32221620
23355187
277429545
277429469
277429463
277429330
277429023
277428907
277428838
277428424
277428060
277427961
277427933
277423265
277423178
277423136
277423101
277422990
277422908
277422860
277422840
277422788
277422786
277422490
277422468
277422434
277422366
277422358
277422233
277419508
277419484
277419482
277419336
277419268
277419255
277419207
277418904
277418860
277418652
277418552
277418356
277418342
277429773
277429428
277429027
277429022
277429020
277428891
277428767
277428605
277428388
277428274
277428066
277428026
277427950
277423175
277423154
277423080
277422724
277422722
277422685
277422661
277422654
277422412
277422376
277422283
277422239
277422231
277422156
277422116
277419590
277419429
277419313
277419311
277419253
277419205
277418697
277418621
277418546
277418424
273321300
271250876
277429647
277429532
277429458
277418785
277418596
277418548
277418525
277418372
273708387
277429034
277429016
277428828
277428808
277428666
277428478
277428372
277428328
277428295
277428270
277428062
277428032
277423324
277423301
277422798
277422738
277422696
277422638
277422587
277422482
277422446
277422444
277422120
277419544
277419472
277419468
277419409
277419385
277419291
277419231
277419139
277419127
277419069
277418961
277418911
277418859
277418744
277418694
277418682
277418616
277429559
277429270
277429209
277429195
277428916
277428652
277428644
277428456
277428449
277428380
277428068
277428037
277428023
277423122
277423096
277422781
277422633
277422586
277422224
277422107
277419591
277419526
277419496
277419357
277419305
277419271
277419105
277419104
277419079
277418988
277418802
277418784
277418767
277418474
273292429
271732555
270470951
167613616
67167965
66750229
277526669
277429466
277429448
277429382
277429367
277428921
277428917
277428719
277428528
277428324
277423213
277423177
277422650
277422368
277422277
277422197
277422100
277422028
277419583
277419564
277419546
277419296
277419215
277419145
277419113
277419075
277418844
277418806
277418460
277418338
277358780
274101650
273472718
273467093
277419523
277419315
277419007
277418872
277418578
277418570
277418400
270479484
242102043
208907145
277429779
277429488
277429326
277429319
277429070
277428692
277428595
277428558
277428292
277428256
277427970
277427936
277427928
277423191
277423134
277423020
277422862
277422780
277422773
277422632
277422251
277422213
277422060
277422052
277419488
277419463
277419423
277419401
277419353
277419331
277419323
277419182
277419021
277418887
277418819
277418520
277418445
277418420
277418384
273410213
277429679
277429653
277429596
277429455
277429429
277429052
277429039
277428897
277428792
277428711
277428384
277428238
277428105
277427915
277423016
277422982
277422796
277422778
277422700
277422570
277422501
277422474
277422410
277422404
277422396
277422210
277422209
277422205
277422189
277422038
277419566
277419386
277419209
277419153
277419025
277418985
277418594
277418574
277418404
277418354
277429525
277429471
277429383
277429168
277429003
277428835
277428517
277428476
277428374
277428360
277428011
277427964
277423042
277423026
277422792
277422716
277422558
277422382
277422265
277422237
277422177
277419542
277419349
277419246
277419192
277419123
277419081
277419009
277418890
277418791
277419454
277419374
277419307
277419167
277419027
277418842
277418670
277418624
277418582
277418542
160691513
277429531
277429350
277428955
277428793
277428781
277428723
277428695
277428507
277428375
277428311
277428271
277423338
277423271
277423239
277423104
277423036
277423018
277422930
277422802
277422765
277422514
277422407
277422269
277419586
277419417
277419355
277419325
277419037
277419033
277419003
277418916
277418910
277418894
277418858
277418692
277418656
277418650
277418442
277418378
200853723
277429007
277428710
277428498
277428329
277422872
277422491
277422456
277422217
277422093
277422064
277419556
277419467
277419391
277419212
277419115
276156225
276145958
276091404
275905369
275495162
274987109
274882167
273498166
273238442
271199973
270992954
270469080
262455274
262455080
262036282
262023308
255612242
242101798
217188410
205542851
167613903
114944470
92552121
77231301
34853399
277429673
277429617
277429581
277429551
277429451
277429407
277428964
277428926
277428874
277428722
277428700
277428462
277428265
277427975
277427967
277427942
277423208
277423206
277423130
277423110
277422898
277422764
277422674
277422406
277422175
277422049
277419548
277419393
277419265
277429269
277428996
277428961
277428784
277428658
277428460
277428315
277428088
277428078
277423263
277422993
277422896
277422852
277422830
277422756
277422590
277422564
277422511
277422428
277422048
277422036
277419594
277419532
277419509
277419455
277419373
277419256
277419229
277419195
277419150
277419131
277419125
277419097
277418996
277418971
277418668
277418629
277418380
277418319
277429589
277429481
277429446
277429412
277429403
277429392
277428830
277428647
277428541
277428511
277428406
277428356
277428260
277423331
277423148
277423116
277423056
277423040
277423006
277422820
277422698
277422582
277422525
277422384
277422261
277422257
277422072
277419537
277419522
277419243
277419013
277418897
277418837
277418830
277418672
277418636
277418522
277418456
277418434
277418307
277429777
277429349
277429035
277428967
277428940
277428937
277428785
277428648
277428442
277428414
277428089
277428004
277427948
277423223
277423112
277423082
277423008
277422928
277422846
277422813
277422718
277422704
277422658
277422500
277422424
277422152
277422076
277419266
277419223
277419173
277419099
277419076
277419043
277419035
277418975
277418812
277418642
277418549
277418348
253068940
277429535
277428276
277428103
277428050
277427993
277427982
277427978
277423300
277423183
277423152
277423089
277422980
277422960
277422958
277422854
277422706
277422692
277422656
277422190
277422154
277422112
277422080
277419359
277419343
277419329
277419275
277419245
277419059
277418813
277418796
277418455
277429575
277429178
277429037
277428999
277428820
277428811
277428786
277428690
277428572
277428530
277428280
277428268
277428262
277427999
277427960
277423260
277423237
277423217
277423162
277423066
277422794
277422752
277422648
277422556
277422526
277422524
277422274
277422173
277422082
277422070
277422042
277422034
277419415
277419351
277419031
277418921
277418626
277355598
205809681
183253295
277429465
277429415
277429360
277428974
277428949
277428532
277428494
277428399
277428330
277428057
277428045
277428018
277428008
277427954
277427922
277423229
277423062
277422972
277422914
277422894
277422584
277422554
277422388
277422284
277422270
277419486
277419445
277419211
277419191
277418924
277418896
277418867
277418591
277418530
277418396
277418331
277418326
277418308
209905982
208652723
277429676
277429615
277429435
277429380
277429162
277428877
277428804
277428724
277428678
277428590