276963226
274391945
274384987
274287371
274287353
274287351
274142226
274133332
274133300
274133292
274133290
274118477
274118473
274118324
274118242
274114203
274106511
274106398
274106389
274106280
274106252
274101771
274101700
274101610
274101502
274101421
274099321
270439899
195283819
195283744
191779883
186501960
184242536
172422264
141113098
126151294
115749796
97541490
50078322
2043751
277574778
275877042
274144044
274133439
274133337
274133319
274118485
274118365
274107026
274106504
274106487
274106410
274106394
274106263
274101453
274101368
274101226
273323454
272035521
250098089
195283791
191779355
184413279
183702739
116567840
115794690
103475141
103475077
102758295
55287578