277400904
274674224
274168199
274142390
274114479
274114296
263098029
263097788
248741593
206248726
198889638
198562323
198562313
198562305
192951436
192450765
191780051
191778968
174011174
167613506
167600277
122273725
121678292
116190499
111003143
111000408
110999162
105664991
103475223
55288947
49335365
49334940
49276360
49274077
31516236
15908431
15842330
15842319
12671826
489825
277370436
274676238
274675742
274674928
273307924
271294185
263208916
263207523
263097845
263097480
206248732
198562171
198285235
192174014
191780243
191780003
191779811
191779217
191621072
184244552
167737798
121089351
116194923
116188974
115941673
102133185
55286829
53806170
49336173
49335496
49335230
49285723
49273424
49270279
32196831
29357182
12671491
2181913
1586269
517569
277591569
275941562
274677918
274677703
274677669
274677395
274677010
274676547
274676325
274673949
274143818
274142738
274118254
271293918
271293850
263104382
263097875
263097519
262706743
262653407
209389163
198889663
198562301
192908905
173866256
168004926
167937756
167784580
167659290
167649637
116190238
115787342
111002394
103474989
102758396
49274825
12621931
2502887
2499559
1616573
274677481
274676811
274675534
274142734
274142342
272558546
263097721
263097525
263097515