274678007
274676986
274675758
274675724
274673728
274142503
274142499
273387489
273310365
273198821
270058203
263097527
263085441
263085432
258667286
258666897
258639828
258637697
209411655
198889675
198562412
198562410
198562175
198562155
196220912
192951519
192951239
103475085
102133076
82387978
55289601
53116003
51527700
51492642
15842345
15842342
3856839
3849399
489755
489678
276690140
276689518
275889861
275617842
274677517
274677186
274676907
274676338
274673714
274672903
274120268
270053148
263097824
263085363
258667324
258666991
253166142
198889679
198889677
198562390
198285290
197620683
197620677
197620647
196220945
193128880
193102065
192908908
125506959
122521743
122273721
102133164
73585031
51492390
37152135
26143500
12670539
3849395