276117131
275996890
275968443
275702387
275243815
272035002
263646243
263266494
262982693
258752381
258752328
258752322
252098905
252098812
248066387
205894351
193685472
193685464
185410021
178093810
159095219
159095131
141733775
127354554
122645865
121228345
120472237
119699201
115730089
115714356
110876064
110875390
106770825
106764622
97480610
96586353
96578663
96556588
19699038
1946887
275969732
275967191
263586385
263266522
263266477
263266420
252098885
252098851
252098782
172071776
154184194
127354736
110875366
96550431