277407119
275616464
273324940
271099161
263255719
260644089
197687702
197687661
195697003
144885105
109593830
42899276
42660055
40033735
14619495
2460971
2441503
887524
880950
710319
710300
708661
708491
566800
566244
560521
556080
552372
530842
526330
526087
520366
520169
517988
517936
517934
517033
517028
442339
316824
277590819
277427171
277407287
275588936
275587036
275483798
274141949
274101648
273325473
272532928
272449958
272449703
272449645
263956032
263256016
262860837
259858019
209389667
197687583
196198043
191780647
185032142
141819547
141819249
109681684
55286949
25205979
22866275
4466241
2460975
2441477
2441475
1748629
646802
564547
546226
526272
520417
474161
313918
259479709