277540120
275968725
275610760
275599503
274986993
273636237
273156357
270135095
263680556
262852778
262757679
262674820
262674771
252892497
195875293
190539775
187838698
161246586
160270221
160269008
121735521
119720140
103816475
95090109
95059437
86973344
83020794
83020683
82208072
80366345
73402784
73402404
73402222
62884060
48008080
34357614
34357580
953875
473989
466110
276480215
275500174
273353032
273242287
272598282
270653199
262674835
262037995
220682601
160269369
111110830
103817325
96584533
82389184
73402688
48010904
48010902
48008789
34357636
1411407