276381854
276370677
275282079
274643681
274582676
262689498
262674688
215078775
208561144
197634178
193866359
193777677
189675315
170462665
163148638
147587777
146369492
113107971
68857047
58967967
54803331
53838737
52382638
51597088
15972450
13611981
1994295
1725859
472998
472997
472993
472969
472967
472966
472964
466130
466127
466123
466121
460224
275292356
273939351
262656400
208560869
207270676
168856784
136868074
111109410
101966893
88223661
88222225
82389953
57789628
50361816
42839290
31519259
31519245
21950070
19769506
1724917
472990
466114
303093