275733427
275706244
275694551
273279422
272468603
262655089
253413874
253210019
253043981
252796734
242424136
217181496
217180303
179219025
162593378
152705329
89491924
89482949
89482928
78555121
73402735
73402716
49961588
49961454
49961450
48011606
34762013
34357540
21950080
6936975
4486873
4486871
720603
720543
567990
563156
492590
492586
492573
466010
276652029
275733439
275659465
275658936
262655091
253098935
252796667
242442273
242144250
217173365
187837894
187837367
179805752
179805748
179805746
177703766
174841533
174839203
174835187
174835073
174834826
174830601
174830105
168608184
131280846
78553963
76822257
51519387
49961659
49961459
48489342
48008200
48007847
34558509
34438100
34344083
34341768
33117858
26604301
704450
277522511
277347802
108132975
51519672
51519354
34498699
34426358