277172138
277014315
276962808
276870781
276648518
276637510
276375181
276288514
276079837
275942038
275793701
275123645
273916695
273530196
268505412
268482142
262852143
212323702
202818141
195639920
194399489
102518098
102131933
70461954
70449098
69910312
56901572
46235003
46232962
46224755
46222787
46220257
43841874
43179420
36382350
36380590
36376575
36374636
36374269
4503175
277344811
277344045
277343143
277172136
277172126
276825822
276825778
276643989
276316545
276316537
276079886
275972777
275889237
275746960
275731709
275731682
275198771
275123325
273718023
273566163
273180104
269962194
269893414
269890151
269852055
268504444
268481703
263973519
263646887
199544870
184084717
170631061
84153605
70481077
56901601
56864181
56863887
46219074
40983086
36380670
277345210
277344891
277344637
277344583
277344473
277344028
277343932
277172124
276825556
276725666
276683223
276316541
276316539
276316535
276244920
276079898
275273408
275243491
275215102
275124226
275052924
274191907
273916697
273566161
273566159
273179916
269954102
269953905
268504535
213893062
212323698
208474688
199639000
193564911
84157055
70439992
56846387
56815452
43855607
36377914
277344936
277344919
277344725
277344663
277344587
277344547
277344518
277344060
277343702
277343669
277343394
277172140
277172130
277172128
277172122
276825911
276825811
276825793
276825603
276825589
276825581
276755985
276344739
276316533
276244913
276079893
276023367
273180000
273179952
269961632
269958304
269894729
202159963
70473672
70013487
56847892
56814756
43841629
36377574
36373160
277459077
277458796
277344768
277344747
277344491
277344041
277343945
277343943
277343718
277172142
276825921
276825916
276825796
276825705
276825594
276825562
276657549
276602607
276316543
276244932
276079922
275243532
273566155
273151106
269961779
269851467
268481621
198692878
70494967
70469019
70441044