277555093
276386496
276345842
276318076
276305333
276264273
276016577
275861063
275853507
275535617
275006253
273842947
270701622
270442400
270253544
269089318
241821210
210760848
210277405
210277378
208648538
208027475
205279963
204317934
194960746
189588167
174182720
137941678
137941512
135552449
111582626
76106026
53545646
17406542
10190801
8011013
5745743
4059697
3767321
387725
277462278
276482703
276422940
276379815
275491131
274794235
274468056
273522647
272198973
270962769
263103935
252868492
252025292
249941178
248622490
225267771
215720887
209405814
208285367
197546438
196902142
194807196
177315574
171134884
136013292
103511951
71353257
68819776
34957241
34751711
15592528
15592527
5995385
1256325
1058052
550683
548212
507422
370916
345206
276567999
276564012
276493489
274882218
274563090
274423977
274394207
273946436
273913979
273856272
273820148
273553577
273413454
273220180
272811452
272597305
272474171
271105182
251767267
249936852
229731947
214189301
190298290
174283444
173266960
164209952
163576677
159917640
127031525
109982962
95163489
62349850
59468633
50379011
41294584
26412706
20276985
19761828
11491784
644149
276589335
276564489
276183108
275321466
275181539
275069012
274710026
274452822
274441961
274360746
274189381
273683182
272419813
271413633
264052287
247405804
242618476
220666217
208428307
205508265
204649516
201055584
197897214
192333128
190321223
190230191
179196335
179170514
162399299
137941513
127692271
101933756
68844180
53720985
33765288
23870341
15686464
14660324
4708867
1061576
277045694
276565312
276558647
276031610
275902847
275603808
274389841
273958547
273904794
273826947
273357089
272474119
270771574
263644500
258668560
253237427
253129533
246773009
214931182
214189276
210531024
208223994
200855706
198643637
195304634
192950215
181991026
174180289
171692673
98300961
10104837
277277842
276901201
276377698
275813971
275068795
274113654
272182991
270442383
270142468
270118438
269105415
262870371
262053143
258805956
258571130
253271287
253241395
253237289
252004032
243086260
225170585
215749031
214189366
210886595
210137947
208780724
200848744
190252219
181195009
179952982
177197790
129866864
127033451
115254287
111174274
77220985
76527163
31690412
22080381
19775975
277341467
277172642
276350680
276126938
274801537
274777568
274684657
274145130
274005439
273725360
273301015
272362512
271220011
270975631
270701318
270119011
263768428
253326718
253241397
252043328
222695902
216462146
216142898
215092639
210960221
210283818
205293454
204416968
200848880
199977068
171580723
167614998
127591566
113583666
54426455
34816996
32426241
22367423
14523892
10593962
277443212
277436659
277233527
276919965
276565250
276091170
275813955
275604561
274284150
273733294
273283673
272602704
272439570
271966670
271144175
270126528
263265400
258567523
252631743
249940818
246160736
215092633
215092631
213913983
209432142
208613426
208326956
202961583
202025036
201717859
195715683
193209826
174299696
167462132
143144165
138182429
120183194
105278809
77221542