277274784
275600536
270174492
202510986
202510975
190502390
185863510
162399392
137854199
128588929
111108913
101262263
94260674
92905655
80366137
80366122
70409985
58992212
58711366
58705898
55285102
55284984
52330504
50179984
50116039
46777751
31516177
25679183
25203389
25201694
23439017
23437828
23437685
23437658
22881852
22878299
22878271
11375839
519036
325339
276558244
276558152
276558121
276509196
276257240
276230008
276229998
273305235
271102169
270759736
270474697
270142748
263202930
262758660
262758506
217502969
190863779
155906498
94260565
81939899
77702366
70771503
70598453
70502031
70440886
68134044
56348266
56346944
51938962
51026040
50433442
50180605
50179596
49481341
49477645
29356854
29355123
23437797
20577829
13944773
277540658
277445537
277384180
277275698
276558232
276558224
276557994
276509297
275068134
274673172
271369113
271101716
270101488
270100828
263764212
263648427
263647826
263645745
263644556
201424541
193924739
175445501
174450285
81507270
78553666
73880236
73879545
72554844
70586189
70490934
68371152
56348136
53806168
50392696
50180460
49477966
46779438
29314124
20580066
11375505