276449363
276306371
275689247
275216158
274170054
274160588
274146084
274084736
273676212
273441148
273202456
273185305
270825820
270253538
270141807
263487459
250549064
249771960
214189112
202034016
195954714
175147115
146287483
134283879
129152728
101983078
96300365
90959780
90888310
77774771
77154505
74038026
71907876
1519257
544448
472390
429562
401983
358171
343300
276078745
275540590
275426515
275339961
275284372
275085378
274844500
274765502
274379587
274313453
274170009
274140759
270661296
262053167
253113401
251984804
251984730
251984636
229735736
214189442
208056306
207281430
204068843
202529519
180847678
179765200
178226087
136403515
135615170
134350847
129138553
124893197
96018682
91612738
77756283
49073024
544390
418000
417850
354090
277540258
277015319
276965724
275276562
274964645
274412286
274173587
273471205
270808056
270661083
253720166
248817406
247799403
246137913
221016560
217648276
217648274
216296814
214947766
213144208
209385528
207035122
202604460
201308034
198296803
196180886
195881317
183337965
182712987
180225554
180219093
149534856
147564427
129138471
127032378
127031842
124893016
109861934
74037837
19410191
276798292
276699710
276348703
275068132
274553894
274403783
274079407
274067670
272310335
270661054
268395496
262053189
251984596
246160934
222638933
216213298
211958625
204420611
204069265
203084118
202028403
201385722
190842071
172477106
172476339
149534853
147564411
143618155
143144270
132304354
132304142
132304022
129138384
127032173
127031552
124893023
120183463
116904708
77154511
62013673
275890035
275402476
274679029
273897308
273712908
273579838