276190973
276099296
274384968
274384959
273324677
271324484
271220342
213949883
213949426
213949408
213949405
213936813
213936796
213936794
213936776
213936770
213936754
193233187
193101525
191779183
168183526
167654052
167631845
160402351
115754171
115750002
115749919
111204681
111198401
108839043
50074777
50074775
48552810
19823203
15134131
7448463
7448455
7448447
2371127
1744927
276462191
276048690
275876149
274120263
273306202
270073012
267342541
261996542
249611054
213949420
213949417
213949416
213936786
213936772
213936762
213936752
213936749
213936745
195696955
167980937
167969522
167802046
167654442
160402424
160402375
129770962
129665519
115999212
73385384
70502038
70498013
70497590
58036162
57910119
55287085
49863392
14925877
7448479
2430595
577262
276603657
276462183
276048686
263104285
213949882
213949428
198495135
167970789
167804318
160604119
129662366
121221925
111153123
8357994