277363228
276048616
274124246
272666454
272558506
270845634
270832336
270502185
270502181
263210081
260817933
253322093
253134460
249578515
242076409
198495313
198495273
192951370
107761888
87045036
76250624
74744188
35869498
35869496
14520627
4336127
2613881
2530069
2016235
2015983
1599515
1382615
923806
448937
442306
435249
435248
435239
435231
435075
275941913
274672921
274384985
274384883
272558452
270502219
263450773
260818926
260818631
248789365
247902401
242076366
242076364
217329917
198638406
198638373
198495263
198495218
198495180
198495176
195472269
78911430
74750066
74750046
59336567
59336565
10680073
2530077
2466509
2365027
2365019
923786
904326
688903
577265
547178
531770
525726
516879
430269
277180709
275941887
275088316
274673753
274473479
274419147
273684069
270053292
263450788
262382354
262381714
242076463
242076450
242076444
242076368
198638396
198638375
198495269
198495243
198495210
195283705
116567108
102758425
90117482
74744187
37794657
35856193
31878907
2613061
2466447
2466439
2465069
2365031
1599551
1599513
520464
486642
436515
435090
316145
277363132
276657073
276462237
276263008
275569887
274991803
274806034
274676510
274673825
274673209
274673141
263450726
242076453
242076384
242076362
214761452
198996296
198638386
198495317
198495299
195472298
195283775
194183588
193102099
108748237
102758357
101870944
70782889
50088739
35764208
4271025
2613063
2469343
2466513
2466437
2462167
2365021
2364993
1822097
516054
277596667
277596290
277596108
277592972
277592965
277592896
277592688
277580249
277574663
277574346
277561945
277539346
276827212
275089016
274672997
274540964
272558538
272558462
271100438
270845644
263450778
263450742
263209784
242076467
215609633
210527686
209408415
198495236
198495234
198495226
198495220
198495139
117375076
101871263
55287946
41592420
36316120
2466553
540533
2530085
277596500
277596451
277596441
277596396
277596338
277596324
277596293
277596253
277596239
277595927
277595687
277595661
277595603
277595588
277595505
277595398
277595382
277595230
277595138
277595130
277595051
277595032
277594832
277594236
277594070
277594044
277592998
277592946
277592780
276849203
274678029
274676865
270845646
263098915
247902515
242076407
198996344
198638400
102758486
102758305
277596716
277596587
277596471
277596245
277596087
277596061
277596037
277596011
277594331
277594077
277594066
277593431
277593019
277592970
277592950
277592876
277592850
277561827
277540101
277180497
276849249
275970972
274991780
274901082
274678074
274675748
274672924
270502201
262366005
242076370
195472283
195472247
193109396
190791000
107759837
102758427
101870663
35856109
14941741
2466549
277595681
277595557
277595478
277595227
277595178
277595158
277595114
277595110
277595092
277595010
277594886
277594422
277594096
277594090
277593986
277593128
277593054
277593031
277592976
277580283
277574868
277561891
277561843
277554460
277410984
276523496
274941441
274545107
274453836
272558524
272558496
272532909
271046212
270441212
263450642
249875075
217476272
191684927
2465149
277595386
277595200
277594991
277594954
277594910
277594590
277594482
277594414
277594392
277594094
277594058
277594042
277594012
277593930
277593898
277593874
277593454
277593430
277593349
277593276
277593224
277593052
277592835
276191015
274673027
247902541
247902303
200976773
198495247
198495228
198495198
198495147
191780435
191779666
102758433
101870774
277596625
277596513
277596307
277596276
277596272
277596259
277596208
277596171
277596127
277596079
277596076
277596059
277596039
277595951
277595530
277595000
277594984
277594489
277594034
277594010
277593932
277593345
277593268
277593075
277592978
277574573
277561867
275088261
274941463
274453810
274098854
272532935
263450684
262377346
248583005
74744197
57942806
55288973
8357942
2465327
277596698
277596623
277596605
277596510
277596491
277596487
277596464
277596364
277596344
277596330
277596313
277595991
277595981
277595689
277595575
277595532
277595510
277595400
277595141
277595076
277595024
277595018
277594952
277594918
277594584
277594515
277594450
277594416
277594342
277594315
277593993
277593436
277593010
277592982
277592960
242076434
191779163
171592362
101870647
2466551
277593401
277593240
277592999
277592916