277168437
276655622
276525609
276473228
276280440
275038255
274919297
274356980
274354743
273691906
273537752
273464927
273357010
273202499
263514067
262811777
248755012
243006531
207475538
201693198
200780103
195545540
195545504
195545272
194960730
188534357
185654112
176550305
167183928
77225336
58190981
55503230
49501964
48872746
47504724
23609953
13446508
10392851
3644653
2131603
277462479
277341890
276566575
276556013
276280426
276252359
276245794
275910025
275806547
275358931
274356733
274353976
274146090
274140757
273691916
273407507
267340203
263563208
263563188
262515247
253656600
253276097
253228775
253178688
252357171
251984838
248755005
216001278
203084320
203084106
196021705
195545489
195545310
173086320
155056050
143970371
127032980
122094507
24987194
17533338
277019437
277019432
277019428
276929017
276883846
276820304
276653803
276245314
276026842
275910027
274831450
274356357
274355910
273524283
271245593
270790987
270790588
270770924
270469095
263104548
262811728
253656622
252565845
216296800
212600798
210531019
210527470
201568617
197599718
191808312
189676554
185104325
183111414
168900652
73667411
50939397
10603906
3076653
556872
518874
274835034
274822744
274356522
274356433
273690192
273510003
273472354
273456920
273411226
270832169
270785752
270472819
270469070
251984780
250549057
247921379
242620051
210525135
203463317
203292512
203084232
202331672
191808609
187011353
185654072
176352287
143861335
109035976
108863526
20036522
19783410
276649865
276649370
276478193
274990452
274829685
274828554
274790725
274354860
274020528
273963354
273692300
273355831
273102303
271993505
271626642
270789096
270774963
270773640
261986246
248655027
212600857
203732493
203084380
202047693
201308095
200727281
196180945
190864115
187011419
180582907
174943411
167488568
133211033
109086519
76778877
71196949
28091492
19783402
15269404
12106733
276649326
275276523
275034328
275006526
275006466
274826242
274357564
274356301
274173577
274138236
273843348
273536648
273215782
272247087
270789802
270789378
270786825
270771872
263640683
262782128
251984736
214234110
212112764
210283515
208648868
203292773
203084258
199739878
196180794
195859347
192810162
190086098
189536329
182851040
182848914
137114185
120333217
42459012
554153
488393
276649874
276649852
276648474
276556353
276473262
276451239
275664311
275109208
274919292
271480240
270790957
270790597
270789776
270789374
270789072
270786842
270774871
270770968
270769376
253300530
249176365
249038604
217535473
210531027
206821746
203084412
203084268
203084124
203084070
200726187
197599722
191808716
178736652
143144191
116806964
77221729
12106731
277388753
276653771
276273069
276194465
276191395
274820104
274139708
273533501
273411240
273411205
273365878
273306895
272561213
272397254
272397112
270789068
270161256
259512757
252671724
252270994
252246727
251984744
235368674
210146240
209610100
208648864
203084095
200624172
191808334
190289122
187011429
187011375
185851705
179143086
156821154
147108762
146286503
129593914
128711695
120313533
277515026
277484538
275162330
274827153
274826719
274173579
273553886
273534943
273533450
273219184
273085483
272114789
271993515
271187854
270790259
270789850
270789354
270789313
270785776
270771975
270470941
270161282
261942258
253298640
252399935
244300605
213935991
208373302
203084292
200727222
200726872
200726842
199037371
196021793
187011597
186433842
186190012
182848922
143172589
114895617
276685428
275162314
275077669
275034532
274890776
274799781
273899301
273554141
273519773
272555700
271485473
271450211
235420790
216288773
209610108
209298690
208408666
208371359
208071589
207970976
207280887
203477154
203084090
202529455
200727194
200624244
199177919
176522900
170861097
168060374
277374174
276648046
276191416
275859331
275513092
275085645
274831307
273746602
273411234
273259174
272556390
272397027
272164345
272164313
270994441
270791006
270789778
270472713
270469193
270142456
270139393
269973422
263696605
259771666
242487149
225386290
221229337
215796982
213936360
208739308
208648875
208648872
187011294
186746565
186741989
185851742
181461085
177616272
107366397
92487812
277466585
276928909
275163656
275163556
275006528
274173595
273692725
273306705
273244957
271450205
270789836
270789058
270789054
270787725
270774953
270774940
270773696
255605975
253285142
253284338
253265182
252246699
207971044
204005189
203084392
203084378
203084264
202604405
202044904
200727380
200726882
199670921
199039091
196021866
193126048
190096950
182558950
178952524
20444586
638287
277388729
276290988
276272847
276177280
275899506
274356867
273624034
273554125
273509952
273476067
271556691
270789860
270472715
270142502
261956800
259513860
253274884
253089183
252859693
252246286
252246201
248774018