277361862
276841003
276841001
276840998
276642618
276509008
275900071
275853520
275702538
275462417
275212810
273316208
272349551
272129446
271118010
270850449
263066292
252858874
171549938
153045603
150838230
138226289
78975610
77109209
76013378
57762732
53728878
33492447
14684312
12141298
12138656
9687416
5061485
2542273
2316649
1938895
1826115
1750249
1699263
1681473
277400773
276524962
276509018
275952072
275932576
275909699
274807860
274733053
274455494
271479936
270660559
270660457
205010302
203937562
202796284
202031248
192909302
191781259
189336449
181770296
175845415
173515430
171549967
129381098
75630595
69219921
67991610
67991602
67991600
39521136
33596834
13333355
10866297
10227722
10192047
4875531
2796923
2542279
1565657
1053642
277522348
277482440
277370135
276840136
276620535
275567562
275131782
274807852
274802547
274544984
273896690
273655289
273394784
273114486
263066347
247429863
241899647
221229411
200851515
199706231
170708223
169546331
164921979
137741276
75639710
57049003
49204092
41299104
34452531
33596830
32543726
31197642
30156461
11222058
10397239
9855745
6778697
6512113
2407107
345391
275570007
275358132
274807855
273646046
273498517
273219719
272349549
249594031
208198122
206837193
202462019
202029425
176777538
176550197
163661592
162351045
126676463
115254544
100931416
56796545
52788684
52399985
41883305
41131983
32654351
15248193
11954686
11227915
3517773
3083805
1747359
1665307
1660829
742137
461661
277520293
277496957
277012751
276840120
276306367
274442120
274363789
273569038
262783938
252853703
247324362
217186745
216231980
215841026
207983689
195801307
191801177
179064320
174291370
160262893
157703815
135344532
114451807
56949991
53240957
41092401
38057417
37170054
28445236
26537047
5494041
3551561
2734407
2290081
2254433
2208377
1747357
1743865
394000
336021
275302975
274917137
274403426
273896675
273431511
263627824
252562902
248461836
242516633
202028583
200852589
200851521
199519377
188211599
153539123
88929179
71052593
69177830
57767474
49745197
38419971
37118922
32892516
32701102
25037594
20319231
19783678
10695080
8047926
7958959
7021477
6512125
3284727
3102749
3020373
2127711
1999163
1699265
446480
343554
277526028
277435970
277375368
276963889
276833384
252002566
245787191
221229397
221229396
194104214
170708211
159695244
129138042
85396173
72680632
56750842
53902573
53495949
48175675
45321594
37699900
31122086
20619992
10694712
7491561
5490667
4319337
3048149
2407115
1577287
1016172
992025
598628
580549
558403
277420105
274746814
274363769
274132937
273977922
273929004
273912053
273912051
263053849
221223552
204057118
201032341
194104222
193439376
187642221
177234535
95220861
72790458
68586413
56269220
54624882
51198611
44225214
43108293
38545293
36700888
36650031
19774808
16998386
10694714
10669290
9773571
7376325
5869379
4483791
1938935
1525327
580061
442032
411890
276642077
276048853
275227327
275071261
274807858
274781997
273719376
273684212
273623136
273622975
273569824
273409092
271143902
270223287
270128755
262808754
247264724
241758784
225907465
197677368
196283632
193439378
183551360
183550541
161890006
161710840
150342866
143858323
143144224
141757461
107350113
71090280
39182039
36570298
16998576
11227913
4995805
1511495
507613
475304
276840132
276826730
276182100
275863857
275806604
275300862
273480694
273411910
273353797
271144909
36941042
34454430
33008064
32890350
14344868
10752043
8458246
7833001
7436383
5400025
3653521
3605145
3488327
3048153
2473637
2071479
1820067
497027
277400063
276969796
275300838
274970375
274665967
274075033
273678622
273464718
273121548
261027748
259564152
253304132
241899618
229982521
221230170
193439380
183920850
181236942
174586732
147058061
119386678
80661847
76601014
65029083
57893778
57327754
41971595
39114565
37169696
36829429
32975743
31188074
21922436
16965319
7798767
5440953
2407105
1747349
1582329
548906
276585611
276353637
274314732
272120663
253268731
243300066
229695564
217382620
216472666
212977402
201383195
192553654
171470722
160371987
134625490
118582547
99076561
71981417
55636789
54927356
44911503
40933987
36700799
22339716
19616151
14498034
7143029
5061491
4106105
3598229
3311719
2917517
2120567
1656013
927193
474796
452629
447670
438031
404700
277526011
276833195
276608289
276112007
275731839
275129528
274875194
273823816
273655498
273646185
273504106
273273816
273218423
271218688
263975008
263066173
263053851
262082108
221229410
208907115
198779850
178071233
14453290
14134321
3343903
1831617
1699257
1085102
1028025
1019478
601605
384801
335818
276822751
274836102
273609633
272438351
271461100
263310898
254077817
253899651
249024635
212568969
205813488
189462551
183679553
163661511
161916208
143144186
133672061
124893028
120183174
113398558
106153848
69543210
62724276
38139084
37413315
36788307
34230855
31207476
29907184
24814272
23291958
22472013
8840449
7164697
5065755
2120185
1933181
1914679
433536
396978
275129468
274966435
274145492
273896962
273658079
273656567
271380698
270964417
222607393
193439374
193212455
192387480
190467246
186134471
179122952
161496572
138504792
109776146
106233560
106186736
93734068
58616753
56020647
47510162
36701544
36701456
28714988
25036592
22482316
20620120
7151055
6512141
5503097
5503093
3284723
3009785
2120179
1590273
992007
682015
277342601
276928260
276079785
275588985
275303068
274472846
273689150
253227091
253148629
200617421
197655117
195478838
194104215
188784843
188048252
181990463
180850900
178572918
172094477
105793951
68267305
56949993
52064578
37468782
35129866
34555992
31207378
31207336
31207251
17000269
6543923
5494045
5494043
1660833
578817
409928
277545166
277515517
275506038
275041492
274558921
274025064
273656046
273655330
272051768
270502022
263102281
262793351
262745344
261823263
253229872
247906123
242866107
221230186
213676706
199532600
190708147
183682217
178093952
177860506
140221944
101459411
74415736
68168895
57798819
54892701
42843043
41241743
41094758
36650029
22482261
22367405
19764382
17049674
558066
549495
276349207
275855037
275569822
275505880
274918260
273643348
273101439
272305269
262808752
262792438
261949433
260814752
254084984
249457356
243043253
230260005
207639335
198733996
198515602
187769597
161863405
109776163
75708975
74370418
68134222
68130032
67240236
46825660
45902245
40417103
38113830
37216500
32351567
31207342
16325490
2541557
1938931
991997
574693
433549
276644172
275972779
274865682
273910322
273411035
273162445
271959495
271726866
262664388
250074000
235886570
217124783
216462099
194099163
188114229
179694423
173347859
143200373
137592508
113930428
110670727
77965404
74571071
68823444
65451891
54928497
48873337
36700872
31088842
29810907
25037638
24155178
16987809
32917297
29810874
14512212
5975091
1656017
773389
275971955
275604400
275406028
275068865
274588334
274573440
273963436
273852749
273550491
273501605
273101608
271986257
270963911
262056016
261959433
259583303
247439347
242663466
215748756
207565823
201145643
200982685
199991097
197906965
194208396
185205683
160065929
151950439
144617329
127031831
106380971
74953948
68134156
58696234
48362459
37134856
22755679
6999479
3598231
3311725
276651719
275034484
273688594
273657129
273645674
273645661
273257925
272431259
272028263
262061221
253236196
214189448
212564427
199549402
198380596
197628251
189064635
188903593
188322065
181924954
180326860
178500859
174783743
90624188
77577372
56949989
54866787
46449909
42686309
37216890
36702027
36700795
25688567
25189709
22172609
3311723
2386571
2128499
1205107
951563
277535347
274565687
273717034
273716815
273655301
273378044
272645566
271356628
270850112
262783113
253307723
253304125
253148627
248904757
245790850
216470244
195307200
188211569
181215937
176855101
157711330
109862108
87120656
73755378
72668414
68563559
59552128
55828958
55783512
54734221
50495646
45430621
39362689
38456087
275342147
274559491
274363771
274318744
274274756
274033157
274025014
273719500
273654349
273586432
272999616
272409261
270965962
270744457
262687874
262687623
222537531
208653037
203927527
194104397
187765208
181924718
157708618
72668430
68134226
47273271
37927448
37216780
33751325
31207430
18030270
15192216
14082757
4795171
2429811
1738465
1006237
574926
277003371
275196342
275168154
275115371
274687204
274143470
273718990
273657170
273655580
273641801
272361102
272059184
265537031
263978030
262758477
262055037
251378571
251281645
248896700
247816361
247812074
242663448
242394576
212475223
200767985
194582995
188049177
188048907
178940931
140174956
113527644
60863030
54927333
42598802
37751796
37134846
14712416
14072769
956233
335936
275794325
275351550
274355933
273719356
273688811
273684444
273643277
271731151
271118791
263968956
263207379
261815784
260108154
247808960
239521737
212474254
205119236
193513980
190755678
183481788
181752774
179064231
178786653
174830035
164931526
160208458
106362877
68130312
36701065
31207330
20589850
20132860
19415217
5494047
3159409
2868053
2494801
967500
467815
337587
276405401
276150991
253269139
253252727
253237841
252563652
247016365
225215571
221229414
215723312
195651484
187770405
185669186
171091396
160788358
125396620
87910889
77243052
54754138
53974228
41092867
39855276
36368645
31207230
11718096
3859117
2657459
1367809
576364
352637
276075014
275513725
275354412
274044693
273680278
273656117
273465434
273456940
273418282
273296389
272321214
272305296
270235374
262688312
261943938
252402452
252302305
248930163
248502055
247264755
217124703
212323937
208223988
207762483
206672808
206241738
203764276
200005454
189494344
174829990
160684953
137978684
132304468
119102613
79555994
74038547
57771362
36702117
11221398
694277
275323891
274559129
273911115
273746352
273716293
273645728
270489474
263968835
262055031
262055027
261815787
260819793
259767723
254021866
252276418
248497730
187003762
185357256
183233661
152788966
129138588
127215948
118582500
63922308
57325324
52327122
42843257
39820452
37468750
37131641
36835569
34395335
32075713
31207466
29643668
20134753
5061497
2917515
558408
515857
276224161
275342104
275275288
275191593
275088883
274806326
274508555
274040857
273657950
273639264
273638430
273552464
166502974
77037587
66833462
57824860
49269222
32352215
32351692
31207380
31207312
24940984
14660323
7201823
5797113
4538057
3859115
3343901
2386569
1085098
572054
570522
277515515
275234047
274587893
274541737
274444555
273899656
271461938
271327507
270850590
270306662
267343885
253304120
248176844
217498107
217192440
215745984
215745978
214498226
204425558
202529275
192287723
191320064
174312442
174291394
167615502
166031070
165869152
132302735
125396511
120183775
114340481
84882777
76065360
47161847
37169936
20132862
16088572
574835
433524
343096
275794481
275325173
275266859
275259634
274473527
273718982
273684388
273655430
273401698
263058073
262808756
260941412
260933378
253462138
215151936
213691842
213680280
213226101
212568512
202425483
201090500
200739101
188542198
186879666
118693674
118582433
71718372
57887167
55199168
49003859
33132519
32351748
30156406
29907146
11860866
10752049
6512133
3283829
859139
561327
276306361
275994834
275926255
275867051
275363619
275028496
274762301
273789129
273768701
273713918
273678626
273646062
273641757
270744392
270482264
253263054
253229867
252334216
250078179
249054622
22172777
5061499
3653519
3284729
1699267
1577281
683224