276099272
275876126
274676122
274247468
274143122
273312640
273306023
273302723
272916083
270053084
267259860
267259695
262971627
262876860
262872418
262859155
262852407
262851596
262705624
262004381
261999464
259510849
248764646
205236441
193878897
191796071
191780723
185625732
137153096
89515660
48983672
31936073
20640986
10186258
7194239
706334
555765
548569
424920
339201
277600870
277009009
276828546
275877038
275874206
274350574
274144097
274141933
274141931
274135256
274118326
274101107
273314217
273308091
273022533
272916058
271288892
271288886
271078055
263098594
262876690
262783299
262654570
262653390
262305589
262046655
262008634
261999814
261996802
259482833
259482288
259481741
258095601
197687724
141094978
139314319
139301806
135552504
26467914
2499765
273022550
271477022
271476994
55101463