276898776
276390707
275711646
275619111
274457995
274190862
274172406
273707128
273189049
273188782
271114287
271102561
230049923
204625807
199582064
196068976
191693167
188039858
186740500
171612669
170766774
168846624
153658517
147117827
147117815
110876683
105614644
89207365
89178267
22246947
22244881
3525757
474031
473822
473821
473813
473809
473807
473806
473804
277589214
276252069
275623087
275598665
275584907
275360252
274531069
273325993
273209147
273203120
273189190
209104391
198079965
196141500
192721718
177436594
177431709
171789163
154183196
147117822
131280899
131280897
122645887
121678728
119289563
116737602
115972858
105614680
88973339
88046579
78553858
68570551
58961968
48282627
19347505
10108409
474036
473811
473794
473789
276290708
276234934
275694458
275622949
275599232
275361199
274417451
273530542
273341276
273326060
273314011
271104075
262656408
252819611
252245745
252243096
225171451
222687928
214013497
185991358
171794494
151594078
133885142
133878961
131280696
131280684
131280610
110875633
110875470
88046581
79115716
79115684
77223266
58961992
484240
474034
473808
473803
473792
473769
131280618
131280508
115955970
110877031
110876994
110876704
110876525
110876509
110875997
110875766
110875392
96552150
82403077
41876497
546517
546516
473810
473797
275361688
274497352
273530560
273530557
273341252
272577481
272369457
272369427
271542417
271542404
271542377
271041623
262656415
262656393
262653829
252796690
204302211
196947567
192721742
163875680
160518311
147117812
131280695
131280680
124040750
121172851
119026569
110877180
110876678
110876587
110876415
110876349
110875506
110875480
96588390
96586369
78555386
546369
546327
473819
277360511
276291588
275892928
275599287
275230809
274529273
274457993
274172355
274084885
273530553
273530516
273331656
273326054
273326034
273326005
272369455
272369449
271542397
262674456
262659446
262656406
262655097
198435639
192074377
185991381
165756683
155506987
131280764
110876668
110876422
110876130
96588441
96585156
96291037
96291035
85561985
77965700
58961970
55290004
4509991
277360296
275619332
273530549
273530545
273461178
273326046
273314042
273267519
273267517
273189250
271542395
271542351
271188741
262659452
262657001
262655251
262655226
262653849
196069422
185978195
155506983
131280800
225958917
195875366
163875725
155507686
154181914
131280676
122522035
110877023
110876646
110876480
110876252
110876018
79471667
58961990
13995963
4509931
3047527
546323
275623014
274084879
274084875
273530577
273530555
273341278
273341266
273341242
273326032
273170495
271542387
271542383
262976209
262657009
196515946
147431803
131280643
110876186
110875660
110875580
110875508
97816386
96586371
58961980
26601901