277520853
277312580
277164033
276960030
276953243
276949979
276933077
276931147
276922095
276912448
276860811
276860809
276833105
276833102
276780968
276688545
276605839
276525606
276424005
276353086
276353077
276353069
276280435
276234768
276231597
275946537
275923492
275740379
275692890
275611112
275278639
275274573
275274555
275006086
274835182
273641805
273326864
217268913
196424381
171556602
277486789
277486781
277482497
277464033
277425585
276921538
276823351
276749926
276734647
276713396
276649992
276640810
276609018
276601650
276565304
276525070
276480644
276396495
276377317
276353065
276286340
276231594
276231571
275919954
275611109
275481988
275278633
274956175
274867687
273901557
273705835
273691271
273120246
262085808
252389159
208907124
185903123
171653453
76756830
32975721
277599512
277563426
277552740
277552695
277527068
277417046
277351124
277342670
276900134
276746994
276648854
276608992
276531501
276508672
276375260
276333506
276132457
276051682
276021441
275948241
275698431
275586546
275578321
275274554
275217296
275107225
273694634
255299234
250230146
249775149
248591349
217452753
201594194
191808121
189688663
177145334
158773305
117694264
117315630
76527177
273960767
273787207
273636495
272236353
272051602
271128529
270771604
270771512
253281777
253151894
248091669
208907005
189468734
174008853
160691560
109109691
33545083
30886354
277460559
277407154
276555860
276482579
276004768
275143431
274965968
274720737
274643678
274593279
274592695
274194899
273880685
273705837
273581748
273241077
272938911
272284893
271793517
271793509
271142932
259512527
258821579
253631502
253563298
253382101
252768728
251207033
217123546
215732917
206852482
206377099
205747849
202239496
195855537
176710556
167613770
108231096
58907167
54987785
277415998
277342659
276662558
276586334
276399089
276229647
275842003
275424170
274998151
274954461
274901134
274586320
273326882
272438596
272390975
272124497
272112957
272058893
263030547
255349507
254086471
253385427
252868525
252271961
243083971
226135890
212936492
207699259
203511574
203295043
203084475
191004826
181904598
178593847
167685118
106362216
84872563
33343231
32954907
601400
277657447
277604958
277600283
277527593
277460943
277408862
277395891
276797698
276767386
276754658
276317967
276314415
275592120
275583431
275583229
275568181
275057574
274949983
274838363
274595683
274372477
273670261
206859992
203320097
202726163
202625213
137504428
77221025
601170
277448173
277388654
276919436
276861800
276840036
276478847
276461566
276164123
276153251
274028489
273691267
273662866
272591624
271660518
271580071
270744992
270120706
263639542
262056404
259513009
253630359
253630328
253218897
252824365
209867649
208906989
208643617
205702351
205698814
205694674
203511561
203231513
177886739
167615193
167614285
167614011
150033870
140221938
68077602
54985561
277484078
277474779
277459914
276922153
276618160
276590153
276585126
276504274
276290867
276139393
276091390
276021744
275514715
275359398
274947055
274682110
274598297
273980450
273851433
273708845
273426122
273282109
273171871
270478966
270138494
270120657
262972926
253183513
249950204
217510846
213691887
209610538
209165777
208906997
183346164
181783030
176876113
33545363
33381985
31690878
277511825
277465741
277459882
277448160
277421610
277416080
277388778
277370266
276931849
276648830
276610989
276496933
275784630
274603279
274601368
274599316
274016811
273819387
273664419
273356741
273238872
272581971
272392769
271615526
253665944
253070802
252763708
252649213
208906568
206560634
205695130
204065633
203016382
165038805
111851837
66433822
36154025
30156463
277587803
277540236
277416546
277388721
277342643
277342520
276840069
276660900
274754874
274612453
273714749
273358542
272382796
272284920
270790227
270726888
270711673
270708173
270138579
270129183
263637463
263030741
262056423
255299309
254089559
253052066
252854247
252766536
252765995
250077908
212961370
208917608
203511559
202854809
181774567
177145404
154176965
119063716
66751584
35905803
277559549
277558332
277520848
276275019
276258687
276231440
276021437
273648689
273418491
272571122
270508224
252585687
138143182
36154071
36153348
33356194
33030521
21483976