274952875
273054656
272445837
272248963
272200166
271371479
270988817
270053890
264016480
262674998
248005857
217181100
201644614
175533792
130655647
122376102
111140092
109957974
108002569
103475323
102133544
97921357
97816744
96551967
96551957
53467894
53467814
52253803
51991763
51061074
42470948
35450483
29388652
23406274
11662656
755534
755505
473083
473081
466069
273203817
273177870
272835474
272438033
272369435
271261733
270053572
263693094
262674246
262605457
261005462
260920697
260920542
260920503
260920374
260920318
258752307
248005609
198395027
198395016
171089355
101872069
96551950
91343595
90875493
88046598
82391818
52255447
39776549
32225362
29388547
29388517
5535699
465920