276637691
276637674
276178386
276147814
275218878
275195020
275107629
275107426
275045256
275031693
275031130
275020751
275020681
275002600
275002538
275002442
275000198
274804807
274804775
274804736
274766473
274766257
274765455
274515286
274142457
274133127
273598122
273325523
272133808
250110792
205822758
192990251
138070849
106365214
103539734
102405617
102405601
100999690
99375051
97851361
276178348
275856758
275219247
275146533
275031932
274804754
274804746
274795137
274680908
274550652
274430177
273391911
273357847
261798518
138359900
106361219