272848478
272445071
251423685
217181400
217180789
176611724
163476388
162593405
122558185
103775057
102263085
102263076
95091086
95090264
88821735
87052347
82008578
73674655
59548036
59131706
51031387
35447049
34357635
34357559
32225504
32224948
15942353
15357953
15354909
13669991
1710681
953871
473635
473633
473625
472778
465432
465151
465136
465053
276002979
276001629
272848581
272444306
203049231
202957750
194024734
169379760
163148364
140133115
140128968
138147057
133563592
113834274
103815074
102262866
100859050
98259640
98250676
96588206
95090203
90021726
88861592
88822169
88822141
83021026
79006292
76153132
50216273
36377795
36318250
35860081
20637933
15360268
4495817
1750477
607975
465456
465420
465033
273328157
272645539
272528926
221236118
217181813
173449688
122559290
122558031
119315271
113833498
112643351
112632293
110585233
98254990
98251083
88821783
86607954
84567231
83021212
83021053
82008188
74036179
51031383
36451223
36279846
35860184
35860087
35844767
33454124
32225674
23633868
2736339
801580
473634
472779
465100
465040
465032
25002930
23404724
23158544
15353113
465146
276898953
276856325
276515756
276509203
276246791
275411869
274467667
263678682
262654704
247276194
243244347
225209980
203039883
202957487
202271970
202262804
191678221
186567918
185711184
162593407
129124413
121171854
96552339
91767544
88826549
84567011
80960949
80960408
77767817
51031342
51031317
48458574
35451866
35451849
34357469
25981713
25005257
23408591
607704
465148
276667564
276509290
276002482
275327306
274046989
244178067
203049925
187837496
187837030
178329661
140128949
112171294
102262926
95090868
95090140
89934817
88826520
86607223
82389811
80960410
74036177
59293403
35451837
35451729
29370013
15356791
13631758
1711799
1217527