277437912
277256426
277003404
276306222
274860216
274357858
273911302
273708841
272269822
269958834
269323661
263515813
243223577
193994147
177234518
167043770
155463014
154938614
120357410
94878710
90328974
90056907
76755789
75813201
75585401
74458466
73717906
59553868
53452969
51286732
50359874
45653142
39854398
34869856
31207324
23427171
1926761
967506
357019
356317
277555247
277271840
276936997
276381299
276292473
275625149
275244242
273904111
273536931
273135671
272162757
271141486
270677466
252035429
249774880
244168758
216216903
215145731
196284166
186229224
185435419
181990447
160395552
136753126
136021332
128917509
120183756
118582618
105231405
101801585
87941401
76152165
74245179
53501160
14147653
12398634
573490
554914
342851
340631
276900571
276522358
275890152
275694568
275149209
274362892
273555413
273326884
273219225
273162525
272834392
271335679
271141522
252819951
249693668
244168752
216216858
206576724
196021533
196021451
193736870
192138459
189938634
186211127
168900778
154365587
140136454
87452980
78015055
56305506
51518940
50074646
31122067
24390430
14961285
11127636
10907565
704749
441078
342438
97810023
77111629
70654697
43950745
34870074
32075729
13415120
2120181
1081536
977648
532973
345684
277284113
276672326
275922411
275034769
274940706
274363760
274194613
273623138
272244631
263968665
260933442
257847999
207933193
207461110
203927160
198204744
195863706
195771214
191630727
189630630
181998065
161254556
141338169
117899714
109776184
96029774
74236577
58709497
56094156
47809935
36775048
31207394
24594345
21430148
20613304
20086333
13808339
13326930
1057428
692692
277385471
276775863
276543510
275042594
273899830
273353839
273091846
272830085
272497454
272362220
270845404
270830581
263370000
260806326
241821081
221234367
217500588
202529620
195715613
195192166
193521738
180715248
176775645
176261693
162100206
160308904
158868096
129138292
128711643
115520922
77231583
74236579
68062164
35910282
32352052
2852297
973534
645618
479279
353344
277012698
276951926
276937532
276558751
274920827
274894041
274442097
273928965
273911227
273555280
273236691
272479837
272236399
272048217
272028560
271980389
271525849
270510204
263083433
262656115
260922695
212560394
202529603
193742753
192008406
191136668
181799162
178604770
11423569
973536
361875
354097
276643975
276383753
276366998
275815298
275520425
275520321
274688730
273898905
272830263
272002014
271362345
270180439
270105815
262887022
261958963
260806324
257759769
252878253
242104211
217780649
216216840
216216830
215145734
208917278
208915551
203933666
202529438
195192211
192972173
181928760
96616366
39854990
34751366
19768229
1574613
1519297
544646
507446
341383
336112
276492314
276427948
276317959
274536247
273916365
273652427
273381191
272639173
272349553
271516231
270179589
262936585
262664313
258378701
253237838
252558658
249766048
248703902
216216820
215746452
215746095
208220022
205827593
204873159
197388015
194585610
193555740
193524643
129138420
120183394
115254332
54751847
36610892
29248666
23948952
15869739
4439889
1535527
535137
401349
276937081
276915734
275613797
275322080
274749430
274370565
273909685
273698876
273678646
273464380
272836116
272247077
270224415
270145717
270113866
252179527
252040581
251998883
248703904
247945836
215943509
209900457
202529695
202510826
192949852
192859218
175432489
174510524
164436583
161245760
105541874
84284070
58323301
50215292
32613921
26170140
253240671
249682102
242424802
242145329
241746167
217125718
215763933
215739347
215544789
215389392
215145711
215119480
214821187
207923634
205809400
203200654
198128610
196853350
196305951
183560169
181990962
181668426
180957715
168900676
167039996
138180906
92859718
15068910
277527554
276938803
274929585
274361212
274318795
274316811
274065582
273667182
273654351
270634090
270135580
263209745
263207712
257846539
249017078
243084977
230368313
213706209
208192619
208066651
207829155
206334906
205696901
201475995
198349768
197603096
181715950
180848050
176737083
166035753
118419922
117315629
113117430
77231239
77230811
74986045
52671076
35911621
32051066
24429514
275601028
275215542
275128742
274834925
274670047
274120631
273454337
273331897
273221428
270545595
263292032
263274134
260933448
260932858
260922647
260806231
252063250
252062259
244303814
230159367
215145746
214205641
209902407
209902389
209900548
208067450
192949810
189462358
186080484
174531920
143144305
137941686
136021396
109776212
71200164
57325283
36829346
35445355
34943221
22400991
277383963
276430561
275851515
275260659
274133503
274055906
273641952
273529874
273424400
273287865
272940436
272253976
208061100
201386064
194198674
193202934
192349299
181971710
181938745
176777458
161252478
117315863
107366381
77222165
76013337
66668357
54802029
35724442
7465853
277184283
276675947
275531086
274356780
274047742
274020044
273678566
273645880
273419023
273373551
273291788
272597207
270798540
264109677
262903841
260933444
253239879
249022052
248978719
247546959
242728035
208739229
202604246
197604320
196761365
173911175
161383981
157704839
137509016
133040151
119698562
119285136
98239422
77231612
67242106
63829293
54825809
49021793
30886069
19843973
276563673
276559242
275295836
275260484
275220556
274393567
273718154
273666883
273554873
273554871
273476554
269983354
260932863
258668349
249693682
217500522
209900136
208271096
207933141
202961545
200739160
199034288
193736634
189468615
183702782
170466517
143144331
127033587
127031560
118677041
117034380
104268014
104267874
92004367
86764845
65031606
29815379
25146809
757655
487022
277384787
277184495
277005320
276930216
276522519
275541680
274469578
274445127
273418284
273417263
273401731
272842650
272529276
271950367
270510827
270183708
269979086
262724570
262053152
260672929
248703896
247981533
247979563
64980097
48202144
14901299
592174
276960755
274173014
273666783
273554967
273377040
272918099
272560005
271455507
270742928
270477422
262392327
260234833
258752512
252878921
242440248
241109490
215997694
209867833
209280543
204053495
202529504
189413654
129138451
127033419
120138551
119064759
116125081
104267995
104267936
41926702
38290597
36701472
32352191
32351736
29812121
23260327
20863437
8709712
7412491
833611
277350963
276736093
275013097
274056097
273719302
273707135
273325795
272407073
271528490
270135576
261988282
257846623
253169327
252795377
250071330
249534346
222660307
215739354
215727285
214819977
214153912
206675345
205813881
196202093
195772124
192833199
186369414
181926204
180848146
180720894
179799245
178957584
177887831
143916684
120183231
113529127
112321535
7443107
1374589
333359
277515975
276223552
275604376
274793093
274467422
274020056
273980648
273215536
272397869
270845049
270711178
263690952
263071168
262862932
253147126
252876194
252078975
251577318
247921275
217125723
215739420
215739418
215543650
215388741
215100369
213676884
205943773
205338232
204873161
195663036
178945112
178523856
174215301
146231469
113528278
45012259
273292443
272834896
272571570
272104582
272029962
270804717
270717084
260236482
249534364
248703892
226682616
215943538
215145735
213842186
209904856
204004484
203853054
202071067
201623578
201424421
199132960
199039805
195837454
190355476
178944420
177891971
163792695
162025753
132303323
128711640
91998788
77222830
47145865
37289584
32701098
725981
277490335
275607517
275414696
274032630
273980650
273652429
273636473
273511770
273301673
273218448
270708311
261988471
253237986
253169253
252065017
252040587
248082759
247540073
242625586
216216853
215943511
215763772
205808667
196574469
193203158
192972177
192908717
186165949
186165890
178711720
176892667
172476308
167613897
163045820
160262680
77231310
73368250
47137280
34749521
27973489
277436429
276458061
276368165
276252733
274896671
274625993
274536102
274195777
274028370
273820784
273670958
273042032
272529214
270057386
262861354
262664310
253248291
248800935
216216856
213691851
204413834
186165904
178776814
174321331
170827991
119698242
119373577
97845307
67244247
67244135
67244083
65028855
64974261
55425082
47093399
44976898
37216608
36710302
5404387
601896
277411496
275324420
274735459
273905772
269980776
263970259
263110120
262695146
252724496
252079153
249037281
247256809
215748968
215141149
205810144
196597234
194198692
193910692
189588096
189035718
183727763
182107859
176777041
118796459
117926929
117926912
65030373
7824787
277344484
275476403
274178512
274170656
273666476
273162481
270835623
263201160
260806225
256500686
248792286
247865528
215145727
212553352
203884159
203850337
203512005
200940130
193126203
192006126
191636139
190701423
177266365
165177809
162196414
127031787
119698209
106348946
77231278
74985718
53240634
52342486
32686747
32613939
32077208
32075160
31207414
22400985
10081208
2374181
277463107
277184287
275355869
274920839
273935641
273658074
273554970
272910853
272857130
272583841
272358080
270252832
252876612
242105326
215145742
214931284
209867837
209613588
208169017
201090112
196900619
189468584
189466561
183720424
183230564
157073387
137941253
128711631
118940476
36923070
36701131
34746578
32954942
32351722
31207267
31206228
23485212
23231903
21341810
19767139
275492891
273823583
273666779
263948669
248644118
244168746
216216798
195192243
128711632
74992385
37468669
32895654
20426585