276411956
276398073
276241714
276130548
275612371
217180950
214824061
213845616
198088228
195994163
187983077
187889757
185991198
160270412
160269822
160269535
160268966
157198969
114571941
109262820
107034694
105835879
102522474
101639738
101638257
99139216
98355902
88798869
88798687
88796775
88794399
88793414
83021132
73402335
73402330
32431472
10761043
10761041
1651271
465593
276501405
276398126
275706389
275610836
273280331
273279860
270053826
259748655
217181297
217180737
217180706
185751240
184287153
175527353
155110611
153663735
153657385
136080950
119252654
105910471
103475443
102133536
98567117
98565290
89245096
88798077
88794023
88791216
88791130
87521731
73516781
73402666
73402609
73402066
59536606
32431374
25207984
14381916
10761045
10761033
276456736
276436186
275694566
275685079
274417490
273344245
273344179
273280301
263586417
262653825
262038036
237639100
209612226
199118095
182969675
182969665
176523008
169381580
169381065
169379629
145418243
114572200
114572115
114456085
105614545
99840333
96585092
96545980
89302478
89262358
88796301
73402448
73402307
73402140
73402114
32431383
23636726
23625826
10761021
392000
275687505
275672824
275602380
272252533
262037950
260920553
217180373
192951710
182969652
171590677
152410426
150934173
141733534
136080391
97517789
96586619
96574499
89261893
89249736
89245671
88800979
88800040
88796445
88794074
87380325
83020978
82005379
73402636
73402509
73402226
73402057
26604091
24908728
23401156
1227777
517120
517116
465525
465465
349109
276680026
275738844
275699640
275689357
275589186
270210541
262037999
260920581
260920432
217181365
215101561
201126161
199623470
196058217
185751220
169380057
169379762
169379744
166389897
152410413
136080496
131280814
121656413
117722577
115532541
114572240
110205526
96589564
96585438
96575165
31516770
31191575
26612230
23419234
465532
275348454
273892670
273344201
273341282
270097353
263103755
262655048
262038046
262038038
260920860
257867507
248325904
217181473
199627394
198438362
198435637
185006719
176522998
169381637
169381000
160269957
145673925
121656456
114436762
113005660
99841292
96589396
96557381
96556802
96554720
96552105
91399261
67290305
50584578
32431470
32431464
25006162
1227779
443295
349110
274417461
273892672
273879185
263104224
262655050
262654611
262451844
262038026
253389839
217180727
199912751
185006717
171587979
169381040
163148217
145626870
131280536
121656375
102134508
99841397
99840337
96589605
96578497
96578117
96574777
96556127
89253821
88797383
88797299
87530348
86581086
82391095
73402699
73402616
73402072
52865446
48602412
42471176
27610894
10761039
89298193