277514023
277485626
277438630
277427189
277312584
277038948
276948006
276860883
276835583
276810383
276780969
276688014
276558936
276231591
276178264
276051689
275946564
275923529
275842425
275624210
275422853
274318142
273962510
273417519
272447903
271966505
271956716
268916961
263646246
263339023
249935706
249935654
230036519
225934768
202710687
197629362
194959173
186237324
134846265
82702643
276860884
276478435
276459007
276440187
276333510
276132452
276051690
275946550
275903865
275698430
275571273
275525077
275430850
275358548
275274570
275217307
275033849
274876002
274319422
274045631
273746688
273516775
270662677
270300483
249156895
247838135
217535055
214075599
207301603
206607121
201850382
196851826
193716678
188767663
185435314
173364636
161383542
157955619
117002702
49365848
276950561
276946741
276657645
276582518
276333523
275868703
275855599
275571108
275432148
275432146
275422731
275422729
275195007
275124209
275044455
275033844
273516777
273219893
272466605
272135641
271144912
270100232
269983260
263677385
257845351
251762733
247806777
234948712
217148634
205039761
193988323
191493616
191493555
182736912
169621657
160931492
160346923
122336553
122336552
116947341
276947057
276946904
276946679
276946443
276765896
276178232
275861176
275841504
275072553
274168283
274055707
273869072
273028652
272447731
272231819
272227213
270656844
270445065
263980791
262454757
257786707
248380457
241784474
215139999
214947955
214075603
212567558
206847854
196394972
194471830
186094200
185435307
181699688
177892208
169621664
169621652
167029912
161026915
104743109
103477219
276946927
276946913
276919044
276031565
275624275
275422905
274987888
274802601
274168278
274094178
273958128
273527869
271626743
271455596
263692931
263344876
270660305
262905601
253555882
253168757
251762737
249260079
248805707
214824981
206634398
204078070
198817353
196921707
196560154
195187480
189684599
186309372
173137652
160356285
125009501
108716729
76528245
546594
480922
450156
398537
276947026
276946821
276946817
276918349
276135670
275422720
275422718
275236099
274302546
273696106
273646228
273406105
273204605
272888008
272864108
272245660
272237498
272228613
271617653
271435472
271144911
270441598
263344867
263021076
262902125
260847322
253386417
253168768
250056192
248341932
208430279
198111577
193206157
191920180
190647816
163831458
153815199
111165275
102412523
78964876
276947296
276947020
276946961
276946729
275902564
275422893
275422737
275145326
275014372
274246573
271167845
270810571
270441671
270257183
270124107
263590745
262899543
250053180
249874945
241803354
241803353
225926216
214915863
214824964
213863183
202466690
201622666
197622794
195928151
193895769
193619838
192387478
190461247
185433587
103807644
91343712
89315032
87640490
87640481
504858
276950758
276950680
276947257
276946875
276946523
276919059
276918948
276918927
276918889
276918881
276918853
276918736
276918659
276918625
276918515
276918831
276918781
276918713
276918645
276918435
276918314
276918271
276918142
276918123
276918101
276918045
276911686
276911602
276911566
276911522
276911504
276911490
276911387
276911294
276908546
214915761
191422746
276947277
276947184
276947071
276947037
276946985
276946625
276946459
276919077
276919073
276919047
276918978
276918929
276918920
276918891
276918887
276918759
276918757
276918700
276918686
276918614
276918595
276918479
276918386
276918338
276918273
276918239
276918145
276918137
276918043
276917042
276916966
276916960
276911654
276911550
276910652
276910630
276910621
272280981
270445233
243033340
276950788
276950754
276950676
276950579
276950557
276947366
276947355
276947286
276947261
276947255
276946981
276946923
276946910
276946889
276946851
276946769
276946767
276946692
276946691
276946629
276946575
276946463
276918860
276918779
276918774
276918553
276918509
276918321
276918245
276918031
276917049
276917025
276917002
276911608
276911495
276910478
276908565
276908554
276908511
275902549
277599524
276950774
276950730
276950656
276950652
276950650
276947291
276947290
276947289
276947263
276947171
276946993
276946967
276946915
276946896
276946863
276946775
276946773
276918741
276918603
276918496
276918431
276918421
276918299
276918294
276918232
276918188
276918187
276918107
276911649
276911618
276910505
276910433
276908560
275965561
249654011
214908474
276950718
276950686
276919055
276919006
276918985
276918969
276918967
276918901
276918791
276918701
276918633
276918623
276918621
276918620
276918539
276918521
276918449
276918447
276918382
276918353
276918317
276918304
276918269
276918125
276918083
276918047
276917109
276917032
276916998
276916953
276916943
276916929
276911604
276911590
276911443
276911389
276910648
276910462
276908491
275432164
276950636
276950577
276947332
276947249
276947229
276947222
276947217
276947195
276947189
276947178
276947157
276947128
276947091
276947063
276947023
276946997
276946906
276946881
276946755
276946699
276946668
276946663
276946646
276946613
276946559
276918665
276918541
276918399
276918097
276911620
276911585
276911552
276911475
276911420
276911368
276908581
276908512
248930336
197629737
80937475
276950766
276950708
276950573
276947233
276947112
276946956
276946941
276946709
276946491
276919071
276919049
276918873
276918865
276918822
276918793
276918745
276918629
276918439
276918437
276918350
276918336
185872892
184861034
179141980
158812932
89313958
87640473
276950786
276946835
276946777
276919053
276919005
276918942
276918799
276918798
276918787
276918784
276918685
276918569
276918559
276918542
276918533
276918523
276918423
276918407
276918375
276918364
276918342
276918340
276918285
276918281
276918257
276918237
276918221
276918166
276918121
276917077
276917062
276917030
276916977
276916975
276916961
276911340
276911304
276910664
276910602
276910582
276950720
276950706
276950608
276950602
276947215
276946845
276946546
276946531
276946423
276919003
276918847
276918839
276918811
276918746
276918710
276918681
276918667
276918651
276918641
276918558
276918512
276918486
276918476
276918427
276918387
276918371
276918222
276918210
276918197
276918190
276918136
276917121
276917043
276917021
276911556
276910507
276910479
276908501
270441620
248360157
276950746
276950690
276950575
276947356
276947335
276947251
276947230
276947173
276947164
276947162
276947100
276947085
276947025
276946943
276946894
276946893
276946867
276946857
276946751
276946725
276946677
276946605
276946562
276946553
276946485
276946449
276946411
276911638
276911597
276911568
276911375
276911351
276911332
276910614
276908509
275710298
277614852
276950724
276950567
276946883
276946825
276946749
276946452
276918916
276918489
276918159
276918103
276918063
276911610
276911489
276911462
276911418
276910576
276910454
275422721
275237219
273696112
272783851
272396817
271920454
271327691
270253415
270142686
263640607
263590747
263563814
262461434
262454782
249653987
249349435
247776051
201874425
197634222
185340449
164273269
10396942
276950792
276950674
276950660
276947315
276947310
276947241
276947235
276947166
276947053
276947039
276946833
276946823
276946687
276946653
276946633
276946607
276919012
276918845
276918783
276918754
276918697
276918611
276918576
276918574
276918570
276918300
276918235
276918216
276918085
276917106
276917053
276917001
276916983
276911399
276910590
276910491
276910449
249767592
214930564
213863185
276950782
276950630
276946573
276918987
276918974
276918933
276918821
276918788
276918730
276918709
276918580
276918577
276918510
276918485
276918469
276918463
276918149
276917066
276917050
276917045
276911677
276911596
276911548
276911536
276911512
276911502
276911466
276911386
276911299
276910658
276910624
276910588
276910519
276910470
276908541
276908531
276908515
276908505
276947069
276947043
276947001
276946963
276946940
276946919
276946907
276946901
276946829
276946715
276946623
276946609
276946501
276946464
276946413
276918956
276918679
276918607
276918586
276918499
276911354
276910586
276908574
271784588
225216866
198123539
276950682
276950610
276946827
276946451
276946431
276946395
276918669
276918474
276918471
276918445
276918264
276918212
276918079
276918039
276917111
276911612
276911454
276911398
276911362
276910626
276910516
276908573
276908539
276908527
275090084
275066103
269991651
262454769
260795265
253555889
249653040
249349433
235577837
202854316
198127671
197634832
197620522
162837790
160585762
131139976
276946537
276946473
276919056
276919016
276919008
276918947
276918939
276918896
276918842
276918734
276918677
276918673
276918635
276918598
276918572
276918552
276918535
276918507
276918455
276918453
276918411
276918405
276918361
276918313
276918259
276918249
276918185
276917104
276917093
276917090
276917078
276917073
276911410
276911382
276911310
276910670
276910592
276910475
276910444
271485131
276950764
276950587
276947299
276947259
276947253
276947245
276947225
276947209
276947199
276947187
276947177
276947158
276947149
276947145
276918203
276918181
276918153
276918141
276917037
276917033
276917017
276917008
276916927
276911674
276911538
276911500
276911494
276911450
276910651
276910640
276908516
204766253
276950722
276950624
276950622
276950604
276947337
276947331
276947283
276947275
276947239
276947220
276947207
276947193
276947133
276947058
276946891
276946873
276946813
276946792
276946780
276946747
276946744
276946665
276946598
276946576
276946542
276946398
276946391
276918695
276918524
276918114
276918108
276918099
276910437
270898363
251999023
249874943
248523341
213863189
198127616
195472232
276950760
276950744
276950700
276950654
276947313
276947172
276947142
276947127
276947110
276947029
276946951
276946929
276946925
276946885
276946866
276946860
276946855
276946811
276946785
276946765
276946739
276946737
276946659
276946616
276946568
276946505
276946483
276946480
276946479
276946475
276946425
276918714
276918591
272368265
272026689
270439730
253364889
253319003
207732879
163831388
276919067
276919063
276919023
276919020
276918997
276918859
276918503
276918461
276918424
276918329
276918251
276918247
276918074
276917081
276917041
276911670
276911639
276911507
276911445
276911369
276910620
276908537
276947349
276946723
276946586
276919075
276919029
276919014
276918996
276918982
276918961
276918911
276918909
276918883
276918725
276918689
276918657
276918585
276918537
276918491
276918459
276918457
276918443
276918376
276918335
276918150
276918131
276918093
276918049
276917107
276917063
276916988
276916964
276911563
276911416
276910532
252576364
249531952
195855786
276950696
276950688
276950672
276950644
276947343
276947301
276947180
276947140
276947082
276947055
276946978
276946487
276946421
276918877
276918639
276918546
276918502
276918473
276918163
276918089
276918069
276917086
276916996
276916967
276916941
276916932
276911644
276911622
276911456
276911435
276911328
276910642
276910636
276910628
276910501
275422873
269985382
249258046
245766832
197625189
276950762
276950694
276950658
276947328
276947327
276947212
276947109
276946965
276946953
276946946
276946939
276946933
276946843
276946700
276946685
276946683
276946675
276946583
276946555
276946525
276946453
276919041
276918721
276918661
276918501
276918286
276918261
276918199
276910604
276910517
270211319
254139264
249872740
249769557
248546475
247823542
215739390
214915882
195927535
97483598
277611235
276947322
276946864