276414865
276268005
275711706
275627404
273537471
273320964
273279023
272120844
252908592
205116743
197907335
192721727
186741123
165968685
152103221
147117821
144488900
144488773
131280875
131280843
131280789
117574842
110876398
110875772
110875683
96584557
88969236
79115724
79115710
62879897
58961994
48282619
48282396
48282392
48119756
21018613
21018580
21018548
21018543
473767
273546212
273537550
273456237
270845884
270845870
217489066
216178718
201039431
160169470
155506994
154184068
147117832
131280796
131280662
125595471
114571877
113930065
110877168
110876723
110876329
110876305
110875461
101265313
98083070
89204162
89178317
76251463
48602382
23401163
21018557
21018552
21018550
21018540
5780729
1084884
546477
546374
473786
473770
422661
273546042
273530536
273530534
273282946
272337615
272135768
269896933
262655073
214662100
212565249
189938344
187839248
186579685
171796448
171590047
171589790
166543154
160516300
160514402
156113075
155053298
154183803
148550824
147588810
110876200
110876062
110875510
103786432
79115707
48602113
48010263
41876367
33457485
23419225
21018569
21018560
10499639
5780725
4509977
126492
277254797
275697876
275155800
273536828
273206776
272577386
270845888
262659877
262655168
252548227
250747075
247840059
220682607
121954448
114887919
114571960
114571827
110876107
110875541
101265444
96573990
96550022
89215948
89179930
88046637
70051299
48602361
48602218
41876855
34767635
26613550
21018610
21018566
21018565
21018555
5780727
5780721
992068
909884
546442
276655777
275706055
275599977
273536637
262655234
262655044
253870128
249145957
201816906
183719435
179749392
176582641
155691506
141606564
131280817
131280642
131280557
122273802
121954145
110877066
110876433
110876098
110875978
110875944
110875709
110875509
110875443
105231992
105231986
102758626
96579069
96552728
96550034
82389714
78554351
68569471
25680426
15258233
546487
546450
546449
546422