275325383
275237002
275236675
275066543
275066175
274943443
274943442
274943441
274943435
270773530
262803207
262662791
206334908
177280862
175440605
84458051
79606979
76048443
73855009
73855005
73113831
66580072
66579933
53805868
48629549
48629545
48629543
48629539
48544361
47142043
40938767
24390416
21309201
16226242
10018717
1068358
483834
437437
434225
434224
276480171
275341677
275323000
275322443
275322265
275321439
275236907
275236633
275236592
275236198
275066466
275066389
271480236
270790938
270787817
270785895
263700754
263564238
263335424
263334739
263088523
263088519
262792271
247843242
242790120
206334218
202529554
177887194
127033506
127032806
127031863
86789304
84487441
54036360
40938765
34748911
32589945
22531898
434228
434226