277375461
277353052
276684911
276275293
275877026
273311130
272422887
263450738
263450692
263394944
262851898
248554860
197821211
195994140
195994046
195472263
195283758
160268757
129662378
107427984
107427973
95039338
93296999
92004389
91998948
91998914
91998826
91986732
91986410
91986204
91985944
91985600
91985488
91985431
91985424
91984977
84304850
66228978
2848369
520128
275483936
274677290
274674204
274144011
274142228
274090300
273414065
273325626
273313554
273313548
263450780
262706720
261157184
193000383
191779654
107427997
100384446
95249909
93297758
93296694
92004150
92004142
92004082
91998730
91988254
91986463
91985585
91985442
91985387
91985362
91985315
91985305
91984949
91984693
91984671
91984623
91984576
54423046
25203667
20689592
276450984
274891629
274540934
274144106
274099310
273645513
273314655
197821201
193005126
190252485
129662392
107428005
93296940
92002722
92002595
91998955
91998865
91986700
91986691
91986578
91986260
91986228
91986198
91985977
91985960
91985932
91985500
91985417
91985331
91985249
275618178
274675914
274099027
273323400
273313494
248789320
248734242
209390342
203422664
160268739
129662401
107428002
100384076
93297361
92004422
92004410
92004391
92004199
92002648
92002641
91998998
91998838
91988557
91986275
91986123
91986110
91985971
91985891
91985684
91985441
91985359
91984889
91984716
91984605
91984592
73491876
51990850
25980652
277549203
277352659
273911345
203204665
195994107
192951161
190289240
107428039
95250516
93296540
92004434
92004152
92002627
91998957
91998869
91986419
91986143
91986133
91985370
91985150
91984868