274947814
274947628
263586367
248641691
217181976
217181081
217173316
189604701
173674377
173628046
173628020
173624178
160065689
160060165
106805970
105357526
105356995
104110094
104110053
89224776
88095844
84566921
78957379
77766975
73402622
37795134
31176370
22095964
21049645
12661762
12661711
2819327
2004079
1994243
953841
472925
472900
465971
272392
272299
275692642
275689152
272531722
272531627
270053738
263586376
260114753
217182013
217181040
217180776
215736377
199036745
189604520
189603672
189603518
179218626
169500178
169495081
168194202
159946668
99139946
88089876
88082815
73516793
51121217
48000550
39772317
31518364
19962235
19962193
19962184
12661758
12661754
1606971
472931
472907
465974
465965
175757
122228
275692527
252796669
242076507
217181190
217180954
217173240
216146455
186567887
160492114
159915652
154184651
145562876
123442289
114571988
114571935
108957402
105362917
95295734
88079244
78554082
73402620
73402322
55289877
51031558
51031514
48011483
48011068
39774526
39773867
23412603
23377385
19962217
7266531
550613
492550
492547
465980
272333
272310
122253
275439721
275287986
273202825
262675050
262674739
262674226
217181907
217172863
208778609
199026615
198857430
194452263
192951628
187837001
179805760
151483630
145624820
103822114
102759818
98300931
92868916
88092468
88087589