277604641
277386813
275723098
275517851
272864395
271472992
270478703
270210445
247936768
247238741
212314845
205807521
204416989
201243418
200010688
199706237
197544424
193212473
185657766
185006179
172175809
146274033
142832060
92533426
75696172
48871637
33597901
29284648
26517377
17944708
17493918
17493916
12205618
3953703
829139
715515
438718
437588
437445
417721
276969864
276898862
276423453
276414818
276414545
276414539
276239025
276238100
276229892
276067799
276056102
275568706
275542052
275528868
275273389
273587898
271995286
247219489
242076161
213861826
212314865
205817132
201592107
201210006
110850689
74935664
74935641
58329544
56727591
56727585
29290744
25130526
25130522
17944710
11118874
10169473
2225157
829137
715490
563196
277315298
276435132
276238071
275474366
273406117
271585675
271303438
270766161
270712549
270116444
253068990
252981086
252974907
229804029
205506501
203945195
201244061
193115611
193007686
176080912
156199599
132033544
124250343
105910858
92007486
50411654
35426801
29290768
11193211
10792261
7664623
6472571
2225143
829135
829133
565593
560616
544705
437585
437378
277607312
277506964
276965287
276414803
275542050
275517834
275252303
272161214
272058907
270502927
270253609
263802561
263560867
263392128
263084923
208591852
206205112
201244281
201243603
201243415
201209989
197841181
189534012
113539975
101905126
92007482
87895887
73240398
68982975
62344080
14350152
11517295
10209768
8151837
7796075
1728025
602854
563178
507176
506858
276882987
276414801
276414543
275542055
272830117
262792248
217511207
217511095
212213003
153518805
113961545
92007484
50685633
35309252
20447364
7203977
6361605
3308337
3308335
1750805
355540