274945526
273114376
262729387
262729285
243018715
242652978
221698123
221228338
199175145
172545644
154184532
151509203
125776396
125776045
125775528
88962635
81579654
60201076
55997146
13305470
8095929
7203373
5755375
3007709
2716183
2612737
2430431
2430427
2430425
2430415
2430411
642187
509829
473122
394473
394471
394459
394457
394438
394421
276383124
276251633
275986554
275842406
274191238
270477603
243243503
243224499
243090325
242727019
198435981
198435748
176583126
173554276
146781107
145562974
105608223
102093478
97816400
88782601
77754117
72799707
72764842
58956353
23413894
23411437
23410631
11427491
2430429
2430421
2430407
2430405
2289989
1698027
642488
642216
473187
394468
394462
394434
276553451
276548275
276408773
276381346
276258158
276252263
263266441
262651542
258752280
258752278
243132236
242734882
242730821
242727514
198584424
198583786
195918311
195915625
192801089
192801080
187837895
175779533
171155723
169380061
151509194
145563046
127796700
127796699
110875449
73866060
36338457
23628883
19921416
2430423
2430417
2430409
1712223
1084852
642232
642190
276251772