277566936
277566726
277485271
277485133
276948798
276886135
276388548
275332765
275263314
274247757
272000024
271429056
270847918
263790942
263500714
262695476
201424625
199030585
192125806
181938702
169640943
161426354
152743069
150269635
147999778
143226162
91625816
73222800
57325187
54266567
50322156
48629547
46723657
37887031
24984581
20870115
7833728
3608623
1576145
427631
277665590
277566676
277534919
277466533
276388838
275243821
274853710
271141512
270510853
263764769
248656083
248644120
207852947
206673076
204027453
203883775
198415069
195192082
194959693
191781262
191781260
185863050
173864192
172175794
170490705
162774155
146735966
144621056
110112108
100395623
77982978
68049234
55119185
54431361
54053152
52665707
43859629
37012365
11218443
1734377
277555328
277444216
276944789
276862188
276841175
276478257
276377307
275536431
274799817
274163660
273904837
273718877
273718875
273244065
271270153
262695496
251767379
198208142
196897412
194959323
193439382
192674306
191148968
186434697
159951457
150271511
146065916
143219851
116396349
106208721
101807946
97876282
90413501
72926795
71094783
58339448
52631361
37577206
10170633
612808
275809690
275071202
274528046
273666749
273636557
273282788
273250378
249089685
247433982
213496992
203864182
201045775
195961273
195305990
192452459
187595371
185448087
184790643
181808913
181699658
178737206
167034122
158583302
109867728
87940185
82996527
74418356
74277049
69337848
57890342
57325189
54567402
49252204
40427111
19349145
14767831
691578
276620526
276462305
276209791
273980117
273648237
273609468
273461864
273457233
273214595
272753288
271456419
270714638
263705530
263394069
262734523
261978299
252597314
243082384
195256598
195109507
191410853
189035552
177723010
166033485
162399330
146275471
145978414
137457584
129138406
79110422
73639048
72290296
63475306
58015654
57598508
50932807
38436482
32438269
2781229
515871
277482161
277361266
277256424
276497177
276462307
275524304
274872645
274824605
274545765
274327422
273958133
273678563
273362222
272447079
217268952
212330087
207754090
205855150
190755673
181699596
170298027
150287002
116577589
114271468
82700697
77111816
72615305
70637402
55081569
51660434
46789754
45663006
37975723
14083858
9608888
2776871
631200
606111
598975
360136
277378984
277281567
276828229
205852158
201845396
193099629
192377324
181567241
179375695
147568393
129138260
127033574
97888632
73854882
58696236
50773990
49204113
48873343
46755093
7471127
582569
562047
548760
506321
430598
276478387
276286626
274988857
274313833
273929039
273671645
273547335
273545268
273282771
270242245
267340217
263394465
250251718
215732983
204009103
203201371
197652266
197096037
196932306
195192261
190608552
187618415
181973518
180396328
157468180
150286402
150269486
149974905
140360876
116396338
110916511
48928918
30704605
23576200
21909718
2149531
2149529
2149527
550473
453820
277540163
277526030
276602539
276354287
276104107
275330028
274964890
274799718
274136541
273937991
272126037
271616892
252026972
249771940
247998133
202961365
202343044
192031907
187191466
169099369
153518787
92710540
90374730
87582849
77777778
74502686
70851271
69644754
59073454
57043134
53900666
52069289
50182104
44017479
2254425
971704
912264
613062
575176
446615
274755047
274459662
274458884
273908941
273684247
273083917
270660444
259575492
252798610
248540536
220656823
215587704
205809650
190558203
189642775
189641612
172175793
168962622
152798014
147986929
146226460
137129431
117315717
113528587
90679299
74410447
71907874
66759058
45663003
45123845
30807700
28002180
9486536
886962
276127339
276093829
275612040
275599134
275111684
274922536
274832821
273887338
273607573
273597753
273529401
273486383
272557058
261943641
253461497
241814107
215778975
209430575
203995755
198057973
189147176
179556254
160671773
149765322
146988857
137978629
110447684
90204867
76601010
75659946
70613646
58810062
53824372
53020545
42843287
32352193
2069337
613021
541170
481913
277400222
276639683
276109454
275359619
274692532
274020063
273911280
273572798
273557866
273532603
271732460
271136249
270873911
270830661
246773324
229803966
209603393
208917248
208678418
188585505
186369462
167019487
161426362
153491921
145288164
128711621
79770385
77154500
72965333
57110087
53978579
52664522
48544425
42686983
41593625
38948989
37946841
36744082
21146760
357844
277513035
276814826
274457927
274076690
273971958
273684096
273500614
273441118
273406609
273282792
273282776
273197817
271959650
271798429
270475491
263079869
215733826
212351488
209349377
206673074
204309108
204309101
198746822
197889835
59206416
57243161
54896834
49506139
33360403
22299340
897164
829155
373859
277358897
277348568
276749946
276350710
275918251
275592361
274948149
274759062
274557633
274361063
273656715
273654135
273465071
273285548
270831168
267340232
261839438
261799746
260815284
249243864
246160177
217341662
205506539
198531898
102140100
98162278
93249305
59258217
58023085
56269032
54365862
53599501
41886504
36092657
21927034
21442338
11960708
885456
582297
567066
277551170
276981077
276634646
276559417
275934602
275705873
275571124
274068708
273697311
273425440
273384850
273257743
272431273
271826766
271375567
270064307
263020076
246853550
214294533
213568260
196186870
188990309
185668595
182107799
178299190
154228341
143359508
141151900
123894597
113527340
100384419
92010742
77777118
56013362
28280612
12401819
11958901
11782374
650548
490420
277551064
277520071
276840073
276051829
275078184
274774215
274679312
273880469
273823258
273708116
273544928
273502586
273465732
273351014
272402962
272048239
270830506
254117513
253461502
252859170
252040694
250466242
242504802
217836990
217577368
213978236
209610777
195722099
195634942
182981105
123893174
949683
629150
545969
277184279
276559391
276524346
276130288
275649844
275607060
275350455
274790658
274759072
274594254
273671578
273662889
272555442
271974308
270110385
262812188
262812183
253461484
247943899
215779171
205894098
177092936
168962698
161497855
90413499
79608800
74992393
74983563
74415872
73638545
38057189
37401408
36209744
23021462
8951241
1527513
1006207
986186
689514
416697
277543244
276852808
275902825
275272545
274758706
274568769
274499564
274172424
274118064
273678649
273285565
272397340
271495376
262082655
252794585
205928399
201845342
198285194
197920653
196394975
192548215
185028370
184908094
150271530
137607458
137572748
109869908
107459917
94904250
80935602
47469931
45814376
42686968
37942350
23831028
21392199
21367463
545486
483936
473725
276981072
275359834
274998716
274988828
274411008
274383800
274314255
273887344
273312562
273059043
270659432
263753372
263694345
263084710
261943137
252234993
247271431
217144230
217139694
214186189
201038413
199030587
194370659
193043914
192949437
185006363
184497673
176153140
143144324
127591618
97876234
77281289
73795009
59411896
50773992
24162909
22152658
270963491
262060241
253468133
249670787
249000806
248930223
242075261
215619198
201687223
198583261
193667275
193622795
193143009
181938692
179510779
176725684
173740156
140368461
118941324
116135582
92010626
66104786
56020644
53900792
53259393
42847330
35408882
32589559
8197661
4692655
760714
478365
277412522
277008549
276796639
276662428
276630237
276556381
276546504
276435444
276334090
276242037
275071270
274623357
274563323
273887571
273866475
273231550
273219785
272198186
271456415
270912011
270116406
261978262
253239593
251968768
250077234
247594368
243087787
215405596
197595124
190171619
189642782
186880522
181567123
166033406
138395184
133049501
130454382
120183492
76779004
59478517
277416143
276522350
276500748
276489576
276229477
275848157
275126876
273887608
273887523
273887369
273596371
273041349
271520993
271312790
270851189
270744129
247939664
225914084
222660445
204027443
202343180
197098994
195801682
195634997
194130337
191390319
187191461
177633718
161863335
150279599
147569966
130639167
127032804
74488125
65099021
48152209
30807702
12790731
3283827
500655
276598520
275146354
274755108
274688678
274669781
273934541
273887531
273887314
273413307
273351909
273317787
252099014
247658579
247402341
242101812
215224667
213680906
209867651
195634995
190608637
186200856
184667322
173673973
163579631
113117301
66941559
57798817
56671369
46525096
43950749
43749287
32653094
26453465
631925
367652
277378363
276662313
276650982
276502701
276430033
275896510
273899083
273887465
273658812
273654353
273568825
273545721
273506313
273498036
273372306
263263702
263109015
262640419
252563787
242101761
241899655
215779169
215399641
192323812
181808991
177286650
166299527
137483718
137430115
131590642
120431839
57771208
49603202
45123837
42889894
42846138
34935432
12665218
1374385
922385
276941402
276842964
276525191
276376861
275305958
275151557
275068939
274118016
273707208
273646029
273641849
273634098
273534068
273120219
272126080
263489548
252795315
252035414
248774504
248303077
242099871
242075259
215556981
211948376
195481072
195218445
187182736
178941080
178604319
177860530
154297226
92436299
74820618
57747947
36154067
34361217
23358141
2120369
481622
462378
277383185
276933247
276826600
276753595
275543613
275515009
274679308
274118044
273887598
273380916
272852827
270708539
263563244
180962681
177891350
171651783
168962696
163567023
162617140
158867695
106362259
87591660
54341053
33343563
2380363
381238
276636705
276458515
276348640
275823804
275177486
274875197
274875182
274802853
274761894
274680548
273887336
273654112
273623130
273285586
270184483
248687809
215779175
196411283
195961287
195505385
194127596
188535634
187746429
178831416
150567629
106362449
106362433
73259729
66837713
53261094
46749913
41142731
39820466
15709106
14308445
11370485
4084655
691565
339650
316121
277551102
276598478
276124914
275685370
275591682
274946980
274943814
274467120
273891912
273887468
273635956
273544965
273220190
272059259
247704430
217494736
215543984
211299378
210134549
199701099
197888376
196180715
178711218
174539077
174008264
171580686
162100220
149974913
110916519
108401718
91010162
79556008
69696070
53905112
48481761
40981434
25622164
4779501
634258
541346
277411916
276559513
275552473
275356604
275338041
275305937
274844238
273887360
273694956
273661911
263975005
261839417
253237951
249243862
247265688
245787189
235062924
215779244
215620419
206374815
205294135
202604384
177643303
173135270
163461821
139093773
137941468
274178432
273909747
273887533
273887326
273727028
273655623
273654013
273622203
273447906
272558702
263645755
260110568
253468093
247555661
247260406
215224617
213681864
213675560
212562851
208437168
201615325
189035245
184248168
182112692
172336319
161634244
153409660
48629556
35829802
33008083
26357230
25533996
25062237
23830965
22367394
22080351
13624084
276859410
276395922
275896516
275284776
274549899
274156784
273887294
273886220
273520368
273326190
273307321
272852847
272646180
253239870
251547952
248792319
246773326
230081298
216093958
215486340
201385599
198747532
197901326
196726736
190880253
188576536
185941013
178561915
178068938
176842936
176777504
176013997
90679268
73828259
57705051
54745950
42873962
41886722
38436480
37961800
277184271
276826429
276595467
276385150
276304058
275896538
274724625
273915999
273509152
273459656
273218479
272639179
272364463
271980532
270480932
262734519
262664403
257763373
213042278
205509266
201852602
200673103
200557882
194451850
192949769
188768440
187618760
173710584
172024925
146274291
146272019
84327526
77910687
57038727
41843998
32888688
10308658
686619
634270
478640
277482475
277392654
276346082