277562802
276528423
275945830
273690574
273623144
273623133
273587870
272392514
272185225
271317437
270766752
257901322
255179329
253365659
253365432
253237308
251930952
250335067
247289995
203945362
202797470
200771989
195954683
185005965
173973552
173383123
154245455
154245451
152789562
88000560
76737958
59262644
58067806
49196805
31993279
28292286
25073118
5812797
5413743
4790483
277591154
276611669
276375318
276063125
274986744
273949794
273301853
271479894
270056285
262852688
252967640
242504860
216987350
198858914
179736554
178957528
174608331
173423918
173015184
172990016
159050455
158868244
154245459
115694691
103404677
96927693
76480258
72851522
54679400
43582654
23433003
19297943
19297941
3306063
2385285
1408959
505526
437390
430853
403739
277381285
275956691
275860795
275498435
275106577
273959746
273502433
273441520
272395529
272076827
271436411
271121130
263482032
253471982
253057672
252976734
247933414
247901010
204302118
203945356
203945352
200771983
200771981
195954696
195801317
192410791
154157968
59262648
50693516
50319323
25130518
23416705
23414232
6925225
4718543
2624289
2385283
568814
559211
396614
276813746
276428714
276043828
275926927
275154634
274057507
273694403
273643775
272557048
271070921
270885420
270749860
270502898
262748348
253068860
247565468
193724099
191506230
188576645
184226854
181224374
177332332
175721568
173432922
169379519
129911450
106700958
105663913
49640363
32156577
22634382
12284667
10595498
7245851
4790485
1007137
967518
565975
563162
452300
276396938
276182990
274727225
274034125
273357021
272844496
272497508
272048109
271317432
270502891
270445106
270210443
263098134
262055837
253071191
253058897
251984802
249658112
215040210
204642778
196280105
195541262
177495141
172176207
163021164
162399311
160793357
159974171
151950484
136483014
71682161
59988053
41540727
27973492
24594323
20447461
4790479
691542
506058
442311
276428720
276191236
276017068
220729428
216934612
214856695
209904889
206334900
203945291
185405674
177830944
177518931
177325666
160691594
160691576
115694638
101423004
92010035
2624291
1524351
275504111
275474285
273869322
270492943
263697212
263104258
262656596
262387880
262055831
260795170
260792066
253071192
253071171
253059110
252966212
252070355
251999566
247059948
225212164
216934592
216354074
215040030
214856873
212324478
208217761
204056624
203945354
203945340
200850857
197629509
195186554
193925930
185654074
185654057
177495388
177336996
170490624
137440323
11510243
10367908
277555223
276550712
276103371
276017008
275105917
275002522
274033254
273579836
273386305
271529198
271528786
270660298
269964369
263206802
262745641
262526441
253070095
216354077
215591977
212324072
210145446
207332433
204301973
200851299
200010691
196048639
188834099
188299186
185654066
185654061
185405680
181454076
177467671
160691521
138313949
123897323
115694699
101361894
75983578
25980284
277718786
276437082
276437078
275695199
274247824
274058643
273989391
273819172
273725450
273591278
273534907
273534888
272661557
271409176
270845335
263697152
263483275
262423435
260795275
252961189
252957723
246168042
246163399
177496144
167613989
109138701
62479868
59432595
57040111
55284279
55282308
48492401
29830424
10367902
273386454
273289424
253071167
253068881
253068875
249778319
200771993
191630775
19638756